2792
2305
2789
1457
1213
2544
1212
2542
1694
2541
2307
2320
2561
2560
1468
1466
2797
2555
2796
2312
1222
2552
804
806
1229
809
1000
2331
2573
1241
2572
2570
1237
2568
1478
1477
2566
810
811
816
2583
1493
2579
1489
1245
821
1243
828
1009
2592
1018
1015
2104
830
1498
2587
2586
837
838
2109
1273
1030
2361
2360
1270
1027
1268
841
2356
844
846
1044
1286
2374
1284
1283
2130
1040
1280
2128
1279
615
858
618
2382
2140
2381
2139
1048
1289
1288
2377
2376
624
869
628
2397
2155
3000
2390
2149
1057
2388
635
877
637
2166
882
2159
401
1069
402
1068
887
2156
2398
404
405
647
406
407
408
1085
894
653
654
413
1079
898
415
1098
2186
2185
2184
1093
2182
661
420
421
663
664
665
425
2198
2192
430
432
674
440
441
200
684
445
687
206
207
449
208
209
691
693
210
455
214
215
217
219
221
466
226
227
228
471
472
232
236
239
1909
1908
240
483
242
244
486
246
249
1919
490
492
497
256
499
260
261
262
263
264
265
266
1922
271
272
274
285
286
1941
289
1707
291
1954
2800
1953
1710
1951
1718
1715
2804
2803
2802
2812
1963
1720
2818
2816
2813
1976
2820
1972
1990
1986
2833
1501
1741
1983
2830
1980
1508
1506
2837
1505
2845
2602
2842
1510
2609
1519
2849
1517
1759
2848
2846
2856
1524
1764
2611
1521
1528
1781
2870
2624
1534
1531
2620
2860
2629
1538
2880
2878
1545
1302
1785
1300
2872
1782
1540
1309
1307
2638
1548
1560
2888
1556
2644
1312
2643
1794
2883
2641
1793
1330
1326
1568
2899
2657
1325
2898
2410
901
909
1583
1581
2426
2425
1335
2424
2423
2662
911
919
1592
2681
2680
2437
1105
2676
1102
1586
1100
928
2691
2690
1359
1115
1114
2687
2444
1112
2463
1370
1368
2699
2453
702
946
2219
1142
2473
1141
2230
950
951
2465
955
2484
2241
1390
2238
2236
2478
720
1146
1163
1162
2250
1160
971
1159
972
2004
2245
1397
2002
739
2262
2261
740
2016
2257
2499
743
2498
2256
502
503
987
504
746
747
506
1182
990
751
2268
1178
997
2285
521
2038
2279
523
1188
2290
2296
2054
770
530
532
533
535
2046
537
2067
2061
780
541
784
544
303
545
2058
305
547
307
308
2076
552
312
797
314
799
558
320
325
329
2090
570
330
331
573
334
338
100
103
104
347
107
349
108
591
351
352
354
598
116
359
122
364
123
124
370
130
132
375
376
137
379
138
34
1809
141
142
388
389
1804
41
43
44
151
154
396
155
156
1816
2905
52
1813
54
2901
55
160
161
162
165
1822
2910
168
60
2915
65
2912
66
69
172
1833
2920
71
2927
75
1835
77
181
182
187
2932
189
2931
80
83
1849
2938
84
85
2936
86
2935
88
89
190
192
1855
1611
2942
90
91
94
95
2706
96
2946
98
1856
99
1865
2954
2712
2953
2719
2717
2959
2958
2957
1867
1880
1876
1632
2720
2960
1639
1637
2968
2967
1878
1890
1646
2977
1402
1886
2733
2732
2974
1641
2972
1640
1881
1407
2736
2987
1413
2502
2983
2741
1650
1892
2507
1417
2506
2989
2760
1668
2757
1666
2995
1662
2518
1679
1437
2526
2768
2767
1432
2520
2782
1691
1205
1688
1445
1202
2533
2530
1208
