1220
2547
1215
2304
2546
2788
1214
1698
1456
1455
1213
2544
2300
2784
1210
2308
2562
1472
2561
2317
1
1227
2
1468
2315
3
1467
2798
4
8
9
801
2319
808
809
1242
1483
1481
1480
2327
1479
1235
2324
1476
1475
1232
2321
1474
813
816
818
2100
2340
1008
2338
1248
2336
1246
2335
1003
2576
1002
820
1486
1485
822
2353
2594
1260
2590
1019
1259
1257
1256
2344
2585
1033
2364
1032
2363
1031
1273
1026
2114
1024
1265
603
845
608
1286
2375
1043
2373
2371
1281
1038
2127
2368
610
2367
1035
2124
854
1034
613
856
1297
2144
2143
1295
2384
1052
2383
1293
1290
861
863
2377
623
1045
625
626
868
627
629
2396
2154
1064
2395
2392
630
2148
632
2147
875
2146
634
877
878
638
1077
2165
2164
1072
880
881
2159
401
646
888
405
2177
1087
2176
2174
2173
1083
2172
2171
890
891
651
410
652
412
896
897
656
415
416
419
2180
1099
1097
2184
2181
662
423
2190
2199
2197
672
681
441
443
685
202
205
448
690
691
450
451
694
695
696
697
214
698
457
216
460
220
462
465
224
467
470
474
476
478
479
480
484
485
245
487
1907
1904
1903
1900
253
496
498
258
1915
1912
1921
267
268
1926
1923
1931
278
1938
1933
280
1700
1949
1707
1948
1702
292
1954
2801
298
2807
2806
1958
1715
2804
1956
1713
1964
2811
1721
1962
2819
1729
2817
1969
2814
1967
1734
1733
1731
1971
1738
2827
2826
1737
1979
1736
1735
1987
1502
2832
2830
1982
1740
1981
1756
2603
1996
2601
2843
1752
1994
1751
1750
1991
2608
1517
1758
2847
1757
2604
2614
1767
2613
2612
1522
2853
1760
2618
2617
2859
1769
2857
1780
2866
1775
2864
1773
2861
2869
1792
1550
2881
1790
1305
2877
2634
2876
2875
1543
1301
2871
1549
1561
2650
2890
2405
2889
1315
2404
2888
1314
2645
2887
1555
2886
2643
2401
1796
2642
1794
2882
1319
2660
1324
1566
2655
2897
2893
1328
2417
2430
2672
1340
2671
2670
1338
1337
2667
2424
2665
1333
1574
2663
1331
918
919
2683
2441
2682
2438
1589
2678
1588
2435
1587
2676
1344
1343
2674
921
924
927
1109
1363
2451
1359
1117
2689
1357
2204
1599
2688
1598
2202
1354
2685
1353
933
936
937
939
1374
1131
2460
2217
1369
2458
1126
2215
2456
940
2213
941
2454
2212
1364
2211
703
707
709
2232
1140
1382
2471
2470
1139
2228
2227
2469
2468
950
1136
1378
2467
2224
952
2465
711
2464
954
712
713
955
715
716
958
719
1396
2242
2000
1394
2483
2482
1391
2239
1148
2479
1147
1146
721
963
722
1144
2475
967
2495
2493
2005
1158
2489
2247
1399
973
2488
1155
2244
735
977
978
738
2265
2022
1174
2262
1171
980
982
2017
2259
741
1168
1167
746
747
508
2034
2274
1184
2273
2272
2271
2270
991
752
996
1177
2266
514
516
758
518
519
2044
1194
2041
2040
1192
2281
2280
520
763
764
767
526
769
529
2298
2297
2296
2054
2295
2052
2050
531
532
778
779
2066
2060
540
782
301
544
546
2299
305
548
791
550
551
793
310
794
795
555
559
318
319
2081
2088
2083
560
2082
563
322
323
568
327
569
2092
2093
333
334
336
580
340
341
342
101
102
344
586
588
347
589
353
596
355
356
115
117
13
16
17
18
19
363
122
123
365
129
20
21
22
25
371
30
35
36
38
383
143
385
145
1807
40
1803
42
47
49
392
394
153
1811
155
398
157
158
159
1819
1817
2906
50
1815
53
1813
2902
57
58
2911
2910
1820
1826
1824
2913
68
172
175
176
1833
2922
179
1830
70
1839
2928
72
1838
74
1836
184
187
1602
189
1842
2930
82
1607
2937
2936
1604
2934
196
197
198
1613
2701
1853
1619
2707
2949
2948
1616
1615
2704
2703
2713
1622
1864
1862
2951
1860
1628
2717
1869
1868
1626
1625
2966
2723
2722
2964
1874
2721
2963
1873
1872
2726
1891
1645
2734
2976
1401
1885
1642
2973
1647
2978
1415
2504
2746
2503
2745
1413
1897
1896
1654
1895
2742
2984
1894
1893
2740
2509
1418
2749
2757
2514
2997
2513
1665
2996
1664
1421
2993
1669
2516
2758
1682
2771
2526
1435
2763
1672
2761
2527
2540
1206
2779
1689
2536
1446
1685
2773
2772
2539
2538
