1462
1580
1459
2669
2548
1458
2789
2666
2303
2787
2302
1576
2786
2543
2422
2785
1332
910
912
915
916
917
1339
2428
1594
2560
1470
1590
1228
1107
2559
2558
2799
2436
2557
1104
1224
1345
2313
5
1223
1465
2675
2554
6
2432
1101
7
1342
1463
1584
2552
923
805
2318
2439
929
2694
2452
1120
1482
1118
2328
1239
2206
2448
1116
1358
1236
2567
1478
1356
2445
1233
2443
2564
2200
2684
811
812
935
2329
2342
2221
1495
1252
1010
2341
1371
1491
1370
2580
1490
2339
1249
1007
1006
1005
1488
1125
1004
2698
2334
2455
2697
1365
2696
2575
1001
2453
2574
701
823
825
705
828
708
1022
2474
2111
2595
1021
1020
2593
1261
1381
2108
2348
2105
2347
2346
2103
1498
2466
710
831
1255
1376
832
1254
1133
1375
1496
2222
714
837
2109
1275
2122
2485
1153
1395
2484
2240
1149
2238
960
840
961
962
2598
2477
600
842
1145
1387
2234
1023
1386
2354
724
604
605
968
847
727
969
728
1164
1285
2253
2011
2132
2010
2494
2372
2250
2491
2129
1039
2006
1037
1157
852
2246
732
853
974
2487
2003
2365
2123
734
736
858
979
859
619
1055
1176
1296
1175
2021
1173
2141
2140
2260
981
2379
2137
500
1047
1289
2015
2136
622
743
864
1046
2135
865
744
1166
2134
2013
745
866
988
749
1187
2151
2030
2150
750
871
2029
993
2028
631
994
1059
753
995
1058
1299
2025
2145
999
639
1198
2287
1074
2284
2042
2162
1193
2161
2282
1071
640
882
762
883
1069
2037
1189
2036
887
525
889
527
1088
2056
1086
1084
2294
1082
2170
772
773
411
774
895
2049
534
655
776
2047
1199
659
1096
1095
2062
2061
1092
660
781
783
300
422
666
787
2058
425
788
306
427
2191
2078
2077
2075
792
432
433
554
797
798
2069
315
316
438
2089
683
442
201
564
203
324
567
688
206
328
2098
2097
2096
2095
570
2094
453
213
577
217
339
581
222
585
345
104
346
105
468
106
348
109
350
592
471
473
111
595
112
113
234
597
358
238
10
11
12
14
15
361
120
362
125
246
367
488
126
368
1905
23
24
26
27
28
29
252
494
374
135
377
257
139
1916
1913
31
32
33
37
39
380
381
140
1800
387
146
389
148
1929
1928
43
1801
45
46
48
390
393
152
273
275
1932
276
397
277
279
1939
2907
1936
2904
2903
55
56
59
283
163
284
287
1821
168
169
2918
2917
61
1706
62
2915
63
1946
64
67
290
171
293
173
294
174
296
177
1711
2921
178
299
1831
1959
1837
1716
2805
76
1955
77
180
181
1844
188
1722
1600
2931
1841
80
1609
1728
1968
1726
1966
193
195
2702
2944
199
1854
1611
2821
1732
1973
1730
2940
1970
2709
1859
2947
1978
1977
2824
1745
1623
2711
2831
2952
1620
2950
1980
1509
2718
2838
1627
1748
1747
1505
1989
1988
1514
1877
1998
2724
1634
1513
1997
2844
1511
2841
2962
1630
2961
1871
2607
2606
2969
1999
2846
1770
2980
1888
2735
1766
1523
1765
2854
2733
1643
2974
1884
2731
2852
1883
2730
2972
2971
2970
2619
1528
2738
1527
2737
2979
2858
1526
1660
2625
2867
1778
2988
1777
2744
2865
2743
2622
1774
1411
1532
2500
2621
2863
1410
1652
2862
2983
1530
1651
2982
1771
2981
1419
2628
1417
1537
2626
2747
1426
1425
1788
2635
2756
2998
1302
2754
2753
2632
2873
2752
1541
2751
1661
2992
2759
2637
1440
1316
1557
1436
2525
1677
2766
1797
2402
1554
1310
1673
2762
2883
1430
1551
2408
1439
1559
1317
1451
1571
2537
2416
2658
1568
2778
2535
2656
2777
1203
2413
1686
1444
2775
2654
1201
2653
2411
2774
2532
1200
2531
1563
1684
2894
1683
2651
2419
905
1329
2418
1207
1449
