1462
2551
1461
1460
1216
1699
1457
2545
1697
1454
1696
1453
1211
1452
2309
1219
1218
1231
1472
1230
2561
1471
1469
2316
1226
2556
2314
1466
1465
1222
2553
2310
2794
807
1242
2330
1240
1481
1480
2569
2326
1234
2323
2565
2322
1233
810
2563
814
815
817
2329
1253
2584
1010
1251
2340
1492
2581
1250
1248
2579
2337
1247
1489
1004
820
1244
2333
825
826
827
829
1264
2595
1263
2110
1020
1262
2351
2108
1018
2107
1017
2106
1016
2345
1013
1497
2344
2586
1012
2101
836
839
2122
1273
2120
2362
1272
2361
1271
2360
1270
2119
1029
2118
1028
2359
2117
1027
1269
2116
840
2115
1025
1267
600
842
2597
843
2112
2596
602
604
848
607
849
609
2133
1284
2131
2373
1041
1282
1039
850
851
1037
1278
2367
2125
611
1035
1276
614
857
616
617
619
1055
1297
2386
1054
2385
1053
2141
1293
1051
1292
1050
2380
1290
860
862
620
1048
2378
865
1287
866
1066
1065
2153
1063
1062
2393
1061
2391
871
872
873
1058
874
2389
633
876
1056
1298
635
879
638
1077
1076
1070
880
882
641
400
884
643
885
1069
2158
644
1068
2399
645
1067
889
648
649
409
2177
1086
2175
2174
1081
891
893
412
414
656
1078
2167
415
657
658
418
1091
2180
1090
2188
2182
1092
660
662
2179
667
1089
668
428
429
2199
2195
2194
2193
670
431
673
675
434
677
436
437
679
682
442
685
686
447
689
448
450
692
452
694
211
212
699
218
461
223
226
468
229
230
233
475
476
235
477
237
481
240
484
487
488
247
489
249
1906
1902
250
495
1910
254
259
1918
1917
1916
1914
1911
1921
1920
1928
1922
274
1932
1930
279
1938
1937
1935
281
282
1942
288
1941
1940
1705
1947
1704
1703
1944
293
297
1712
299
1952
1950
1956
1714
1965
1723
1964
1720
1961
1960
1727
1726
1967
1724
1976
1734
2823
1975
1733
2821
1973
1970
1739
2828
1978
1744
1743
1742
1984
1982
1740
1981
1509
1749
1507
1748
1989
1504
1755
1754
1512
1753
2600
1995
2841
1994
2840
1992
1991
1516
1515
1999
1525
2610
1520
1762
2850
1529
2616
1526
1768
1536
1778
1535
1776
1533
1532
1530
1772
2627
2868
1779
1791
1789
1547
1546
1788
1304
2635
1544
1786
1543
1542
1784
2630
1308
2639
1561
2892
2891
1558
1315
2403
1798
1313
2643
1311
1553
1552
1551
2409
1318
1559
1572
1570
1569
1327
1568
1567
2414
2656
1324
1565
1322
1564
2411
2653
1321
2410
2651
1562
900
902
903
904
906
907
908
1341
1340
1582
2671
2427
2669
1579
2668
1577
1333
1575
2664
1331
1573
2420
914
916
918
1110
1593
2440
1591
1590
1349
1106
1348
1346
2677
1103
2434
1585
920
2431
923
924
925
926
1109
1108
1121
1362
2451
1361
1118
2206
2205
2689
1115
1357
1113
1355
1597
2202
1354
1596
2201
1111
932
938
939
2208
1132
1373
2220
1130
1371
1129
2218
1128
1127
2216
2457
2214
1124
1366
1123
941
2212
2696
942
1122
2695
943
944
945
947
948
707
708
1143
1383
1140
2470
1380
1138
1137
2226
1135
1377
1376
2223
953
1133
2222
955
714
956
715
957
958
719
1154
1152
1393
2240
1392
2480
1390
2239
2238
960
1148
2237
2236
2478
1387
722
964
723
965
726
728
729
1165
2012
2496
2252
2251
1161
2492
2009
970
2007
2249
2248
730
2005
2247
731
1156
1398
2003
976
736
737
2265
2023
1174
1172
2019
2018
983
1169
2016
984
742
501
985
986
2497
989
507
509
1186
2275
2033
1185
1184
1183
2272
1181
1180
992
2027
2269
753
1179
1178
2025
2267
513
997
2024
756
998
515
757
517
1190
1198
2045
1196
1195
1193
760
2039
2038
764
765
1189
524
1188
2277
2035
525
768
2298
2297
2053
2052
2051
2292
771
533
775
2048
2289
2047
777
539
2064
2063
2060
781
542
543
785
786
2059
787
546
788
2057
789
2070
2078
2075
2073
790
2072
2071
792
313
555
798
557
2068
558
317
2081
2080
2088
2085
562
323
565
566
2079
569
2091
2099
2097
571
572
332
575
577
337
579
582
583
584
343
588
106
590
350
592
594
114
118
360
361
372
373
378
382
384
143
385
144
386
149
1807
1805
1803
1802
150
1811
1810
398
158
1819
2905
1812
1822
166
1821
2919
1829
2918
1828
1827
2916
1824
1838
73
2924
1834
78
79
183
185
1602
1601
1843
1840
81
1607
1848
1605
1846
87
1603
1845
191
194
1855
1612
2942
1852
1851
1850
92
2708
2949
1618
1617
1858
1857
1614
2713
2955
2953
1861
2716
1868
1626
2715
2956
1877
1875
1631
1870
2729
1879
1636
1404
1887
1403
1400
1882
2970
1409
1408
2739
1648
1406
1647
1889
1660
1657
1899
2504
1656
1653
1652
1893
1659
1658
1416
1671
1670
2515
1668
1425
1423
1422
1421
1663
1420
2750
2519
1428
2517
1669
1440
1681
1678
1677
1434
1676
1675
1433
1432
2521
1431
1672
2528
1438
1693
1450
1692
2781
2780
1448
1689
1204
2776
1685
1443
1441
1209
