911
1218
1110
1593
1228
1
1106
2
3
1104
4
5
1102
6
7
920
8
9
802
926
805
807
1484
1000
1361
1118
1112
814
815
819
1128
1006
1247
821
1122
701
945
705
706
829
708
1143
1261
1138
1016
951
830
1377
1135
1254
956
957
1271
1028
960
1269
1027
720
600
1266
602
723
966
725
605
968
726
606
969
849
609
1041
1282
1159
1037
972
731
611
732
615
857
858
739
1055
1292
1291
860
740
1169
621
863
984
743
503
987
866
504
626
506
627
869
507
628
1185
1061
993
510
511
995
512
633
1057
513
635
637
879
517
639
1077
1076
1196
1074
640
882
762
400
521
642
401
643
522
1069
523
402
765
645
766
404
889
647
406
407
528
408
409
1085
1081
530
894
531
775
413
534
655
415
657
899
658
417
538
539
781
420
300
542
422
301
543
785
302
423
665
544
303
424
787
545
666
425
1089
788
547
306
427
307
428
549
308
309
430
310
673
552
311
432
553
312
313
676
435
314
556
798
315
436
316
437
558
317
438
319
440
200
442
201
322
686
444
203
324
687
445
566
204
325
446
688
205
447
326
206
569
207
328
208
209
570
692
571
572
330
210
452
331
573
211
453
333
213
456
335
214
577
215
336
216
458
337
217
338
459
219
581
461
220
583
100
221
463
101
222
343
464
102
223
344
103
345
224
466
104
225
346
105
226
347
468
106
227
348
469
107
228
108
229
109
350
471
230
472
593
110
231
352
473
594
111
232
353
595
112
233
354
113
234
597
114
235
356
115
236
599
116
237
358
479
117
359
238
118
239
119
10
11
12
13
14
15
16
17
18
19
360
240
361
482
120
241
362
483
121
242
363
484
122
243
364
123
244
365
124
245
366
487
125
246
488
126
247
368
489
127
248
128
249
129
20
21
22
23
24
25
26
27
28
29
250
492
371
130
251
372
131
252
132
253
495
374
133
254
496
375
134
255
497
135
256
136
257
137
258
379
138
259
139
30
31
32
33
34
35
36
37
38
39
380
260
381
140
382
261
141
262
142
263
384
143
264
385
144
386
265
145
266
387
146
388
147
268
389
148
269
149
41
42
43
44
45
46
47
48
49
270
391
150
271
151
272
393
152
273
153
274
395
154
396
275
155
276
397
277
157
278
399
158
279
159
50
51
52
53
54
55
56
57
58
59
160
281
161
282
162
283
163
284
164
165
166
167
288
168
289
169
60
61
62
63
64
65
66
67
68
69
290
170
291
171
292
172
293
173
294
174
295
175
296
176
297
177
298
178
299
179
70
71
72
73
74
75
76
77
78
79
180
181
182
183
184
185
186
187
188
189
80
81
82
83
84
85
86
87
88
89
190
191
192
193
194
195
196
197
198
199
90
91
92
93
94
95
96
97
98
99
1519
1417
1420
1430
1204
1565
1321
