1462
2551
2793
1461
1460
2306
1216
1699
1215
2545
2302
1697
1454
1696
2301
1453
1211
2300
1452
2309
1219
1218
1231
1230
1472
1471
1470
1469
2316
1226
2556
2314
1465
1464
2795
2553
1221
2310
802
803
807
1242
2330
1240
1481
2569
2326
2325
1234
2323
2565
2322
1233
2321
2563
814
815
817
819
1253
2584
1010
1251
2340
1492
1250
2581
2337
1247
1244
824
827
829
1264
1263
2110
1262
1020
2351
1261
1019
2107
1017
2106
1016
2589
1499
2345
1013
1012
2101
2343
839
2121
2120
2362
1272
1271
2119
1029
1028
2359
2117
1269
2116
2115
2357
1025
1267
600
842
2113
2597
843
2112
2596
602
848
607
849
609
2133
2131
2373
1041
1282
2370
850
2369
851
2126
1278
2125
611
1035
612
1276
2123
614
857
616
617
1297
2386
1054
2385
1053
2384
1294
1051
1292
1050
2380
1290
860
2138
862
2378
1287
867
1066
1065
2153
1063
2152
2394
1062
1061
870
871
872
873
2148
874
2389
875
633
876
1056
1298
636
879
638
1076
1073
880
641
400
642
884
643
885
644
2399
403
645
1067
889
648
649
1080
2177
1086
2175
2174
1081
891
893
652
414
656
1078
657
899
417
418
1091
2180
1090
2188
2187
1094
2183
1092
662
2179
1089
667
426
668
669
428
429
2195
2194
2193
431
673
675
434
676
677
436
437
679
680
682
442
686
447
689
448
450
692
452
694
211
453
212
456
698
699
216
458
218
461
463
464
223
465
468
229
230
233
235
477
237
481
482
484
487
488
247
489
1906
1903
1902
250
495
1910
254
257
259
1918
1917
1916
1914
1911
1921
1928
1932
276
277
1930
279
1938
1937
1935
1934
1933
281
282
1943
1942
288
1940
1709
1708
1705
1704
1945
1944
293
297
1952
1950
1956
1714
1723
1965
1961
1960
1728
1727
1726
1724
2823
1734
1975
1733
1973
1739
2828
1503
2834
1744
1985
1743
1742
1984
1982
1509
1749
1507
1748
1989
1504
2835
1998
1755
1997
1754
1512
2601
1753
1995
2600
2841
1994
1993
2840
1992
1518
2605
1515
1999
1525
1765
2610
1763
1520
2850
1529
1526
1768
1536
1778
1535
1776
1533
1532
1530
1772
2627
2868
1779
1792
1791
1547
1789
2636
1546
1303
1544
1786
2874
1542
1784
2630
1308
2639
2637
1561
2892
2891
1558
2403
1798
1313
1311
1553
2400
1552
2409
1318
1559
2406
1572
1570
1569
1327
1567
2414
1324
1565
1323
2412
1322
2411
1564
2653
1321
1562
900
902
903
904
2419
906
907
1341
1582
2671
2427
2669
1579
2668
1578
1575
1573
1331
2420
914
916
918
1110
1593
2440
1591
1590
1107
1349
1106
1348
1346
2677
1103
2434
1585
2432
920
2431
923
924
925
926
1109
1108
1121
2210
1363
1362
2451
1361
1118
2205
2689
1357
1113
1355
1597
1354
1596
2201
1111
932
938
2209
1119
2208
1132
1373
2220
1130
1372
1129
2218
1128
1127
2216
2457
2214
1124
1366
1123
942
2695
943
944
945
947
948
707
949
708
1143
1384
1383
1140
2470
1380
2229
1138
1137
2226
1378
1135
1377
2466
2223
1376
953
1133
2222
714
956
715
957
958
719
1154
1152
1393
1392
2480
960
1148
2237
1389
1388
963
1387
2476
964
723
965
724
726
728
729
1165
2496
2011
2252
2251
1161
2492
2490
2009
970
2007
2248
730
1158
2005
2247
731
2486
976
737
2265
2023
1175
1174
1172
1170
2019
2018
983
1169
984
742
501
985
986
505
989
748
507
509
1186
2033
1185
2032
1184
1183
2272
1181
2270
1180
992
510
2027
2269
511
995
1179
2026
2025
2267
513
755
2024
756
998
757
516
517
518
1190
1198
2045
2286
1196
1195
1193
1191
760
2039
764
765
1189
2278
524
2277
2035
768
2298
2297
2053
2051
2292
2291
771
2049
775
2048
534
2047
2289
777
536
539
2065
2064
2063
2060
781
542
543
785
302
2059
546
2057
789
548
2070
2075
2073
790
2072
2071
792
311
553
555
798
557
2068
317
2081
2088
2086
2085
2084
323
565
566
326
2079
569
2091
2099
2097
571
572
332
575
577
337
579
582
583
584
343
588
106
348
590
592
594
114
357
118
361
366
127
373
134
378
382
384
143
385
144
386
149
1808
1805
1803
1802
391
150
1811
1810
398
399
1812
166
1821
167
1828
2916
1827
1825
1824
2921
1838
73
2924
1834
78
79
183
185
186
2933
1601
1843
1840
81
1848
1847
1605
1846
87
1845
191
194
1612
2700
1852
1851
1850
92
93
2708
2949
1618
2707
1617
1858
97
1615
1857
1614
1624
2955
1861
2716
1868
1626
2715
1625
2956
1877
1875
2963
1631
1870
2729
1879
1636
1404
1887
1644
1400
1882
1409
1408
2739
1649
1648
1405
1889
1647
1657
2504
1899
1656
1653
1893
1659
2748
1416
1658
1671
1670
2515
1424
1423
1665
1422
2511
1663
1421
1420
2750
1428
2517
1681
1678
1677
1434
1676
2765
1675
1433
2763
1674
1431
2762
1672
2528
1438
1693
1450
1692
2781
2780
1448
1689
1204
1687
1685
1443
1684
1441
1209
