1462
1461
1459
1216
1453
1210
2562
1470
1
1227
1469
2
1226
3
4
1224
5
1465
6
7
1463
8
800
9
803
807
809
1242
1483
1481
1479
1236
1235
1476
1234
2322
1233
810
1474
1252
1492
1008
1248
1005
1247
1003
1486
1001
825
1021
1262
1260
2108
2107
1017
2103
1497
836
839
1031
1030
1272
1029
1028
2116
840
1025
1267
600
842
843
1265
603
604
606
848
607
849
608
1040
1039
1038
851
610
1278
853
1035
612
613
856
616
617
859
619
1055
1297
1054
1052
1293
620
862
863
1046
623
865
625
867
868
627
628
629
1064
1060
870
630
631
874
1058
633
1299
878
1077
1074
641
883
400
642
885
643
644
886
403
1067
646
405
889
406
648
649
409
1080
1086
1084
1082
2171
890
892
650
893
410
652
411
895
653
412
654
897
899
416
417
659
418
419
2180
1099
1097
1095
1094
1092
2181
660
661
662
421
663
422
423
424
425
426
668
427
669
429
672
430
431
673
432
433
675
434
436
437
679
438
439
680
440
682
441
200
442
201
443
685
202
444
203
204
446
688
205
447
689
206
207
449
208
209
691
450
692
451
693
210
452
211
453
212
454
213
455
214
456
698
215
457
699
216
458
217
459
218
219
460
461
220
462
221
463
222
223
465
224
466
225
226
468
227
469
228
229
470
471
230
472
231
473
232
474
233
475
235
477
478
237
238
239
482
241
242
484
243
485
244
245
487
246
488
247
489
248
249
1907
490
491
250
251
493
252
494
254
496
255
498
257
258
259
1918
260
261
262
263
264
1921
266
267
268
269
1927
270
271
272
273
274
275
276
277
278
279
1936
280
281
282
283
284
285
286
287
1942
288
289
1704
290
291
292
293
294
295
296
297
298
299
1956
1713
1723
1964
1728
1727
1726
1745
1742
1509
1755
1518
1758
1515
1525
2614
1527
1535
1774
1530
1537
2868
1305
1546
1304
1543
1549
1557
1314
1313
1554
1310
1559
1569
1566
1323
1322
903
904
1328
1341
1582
1579
1577
1333
1574
913
914
915
919
1590
1106
1347
1103
1343
1585
2432
1109
1121
1120
1118
1358
2204
1356
1598
1113
1354
1353
932
934
936
937
938
2216
1126
1367
940
1124
941
1123
943
944
704
705
706
948
707
708
709
1385
1379
1137
1136
710
952
711
954
713
716
958
717
718
1154
1153
1395
1394
1393
961
1388
721
1387
722
1144
964
1386
965
967
968
727
728
1164
970
973
1157
975
734
735
977
737
738
2265
1175
980
981
1169
500
742
501
985
744
502
986
747
506
748
749
509
2275
1184
750
752
510
2027
511
753
512
754
755
513
514
516
517
518
1190
520
762
521
764
2037
765
1189
2278
766
524
2277
767
525
526
768
529
2298
2055
530
531
532
534
776
1199
536
2064
540
782
783
300
542
301
543
302
303
304
546
788
789
306
548
307
309
790
791
792
550
310
552
311
553
312
313
555
314
315
557
316
559
317
318
319
561
320
562
321
322
323
565
324
325
567
326
568
327
569
328
329
2099
2097
571
574
333
335
577
336
337
579
338
339
582
341
583
100
342
584
101
343
585
102
344
586
103
345
587
104
588
105
347
106
348
107
108
109
590
350
592
351
110
594
111
353
595
112
354
596
113
355
597
114
356
598
115
599
116
358
117
359
118
119
10
11
12
13
14
15
16
17
18
19
360
361
120
362
121
363
122
364
123
365
124
366
125
367
126
127
369
128
129
20
21
22
23
24
25
26
27
28
29
370
130
372
131
373
132
133
375
134
376
135
377
136
378
137
379
138
139
30
31
32
33
34
35
36
37
38
39
380
381
140
382
141
142
384
143
385
144
145
387
146
388
147
389
148
149
1805
40
41
42
43
1801
44
45
46
47
48
49
390
391
150
392
151
152
153
395
154
396
155
397
1810
156
398
157
399
158
159
50
51
52
53
54
55
56
57
58
59
160
161
162
163
164
165
166
167
168
169
60
61
62
1826
63
64
65
66
67
68
69
170
171
172
173
174
175
176
177
178
179
70
71
72
73
74
1836
75
76
77
78
79
180
181
182
183
185
186
187
188
1601
189
1840
80
81
82
83
84
85
86
87
88
89
190
191
192
193
194
195
196
197
198
199
90
91
92
93
94
95
1617
96
2705
1616
97
98
99
1622
1868
1625
1635
1875
1873
1887
1643
1411
1895
1893
1416
2514
1424
1422
1429
1669
1680
1433
1673
1431
1430
1672
1439
1693
1206
1448
1689
1201
1685
