1220
2306
2789
2304
2546
1214
1698
1213
2544
1695
2300
1210
2783
2308
2549
1473
2562
2317
1
1227
2558
2
2315
3
1225
1467
4
2313
5
1463
8
800
9
801
808
809
2331
1483
1241
2327
1479
2568
1235
2324
2566
1476
1475
1232
1474
2321
813
818
819
1011
1495
2100
1252
1494
1493
1008
2339
2336
2335
2577
1003
1002
1486
1485
822
824
2111
2353
2594
2350
1260
1259
2105
1257
2346
2588
1014
1256
2102
2585
1496
833
835
2109
1033
2364
1032
1274
2363
1031
2358
1026
2599
2114
1024
2113
2355
601
1265
1023
603
845
847
608
1044
1286
2375
1043
2374
1042
2371
1038
2369
2368
610
1036
2124
2366
854
1034
855
856
2144
2143
1295
2384
1052
2383
2382
2140
861
2135
623
1045
625
867
868
627
1064
2395
2392
870
630
632
2147
875
634
636
878
2165
1075
2164
401
402
886
2157
646
888
1088
2176
2173
1083
2172
1082
2171
650
651
410
652
411
653
897
2168
416
1099
2187
1097
2186
2184
1094
2183
2181
423
424
2178
2190
2196
671
2189
439
680
204
446
688
205
451
695
454
696
697
457
216
458
460
462
465
224
225
467
469
470
471
474
234
478
241
245
248
1907
1903
1901
1900
491
253
498
257
258
1915
268
269
1926
1925
271
1931
278
1933
280
1701
287
1700
1948
1702
292
298
2808
2807
2806
1958
1957
1713
2812
1722
2811
1721
1962
1729
1728
2817
1969
1725
2814
2822
1974
2829
1738
1737
1979
2826
1736
2825
2824
1987
1502
2832
1500
2831
2839
1747
2836
1746
2603
2844
1996
2601
2843
2842
1752
1510
1751
1993
1750
2608
1518
1758
2847
1757
2604
2614
1767
2613
1523
2612
2853
1763
1760
2618
2617
1769
2857
2615
1781
1780
1777
2866
1775
2621
2861
2628
2869
1537
1792
1550
2881
1790
2636
2877
1787
2634
2875
1301
2874
2631
1783
2871
1309
1549
1548
1306
2650
2890
2405
2647
2889
1557
2404
1314
2402
2886
1312
2401
2885
2884
2642
2640
1319
2407
2660
1325
1566
2655
2897
2412
2654
2895
2894
1320
2893
905
2659
1583
2430
2672
2670
1337
1578
2666
2424
2422
2663
913
2683
2441
1351
2682
1350
2438
1589
1347
2436
2678
2435
1587
1344
2432
1343
1101
2674
921
922
927
1363
2452
2694
2450
2207
2449
1117
2447
1599
1114
930
2685
931
1595
1353
2442
933
936
937
1119
1374
2221
2462
2460
2459
1369
2458
1126
1368
2215
1367
2456
940
2213
2454
2211
1364
2453
703
705
949
709
1385
2232
1384
2231
2472
1382
2471
1139
2228
2227
2469
1379
2468
1136
1378
2467
2224
952
1134
711
2464
712
713
716
717
959
718
1396
2243
2000
2242
1394
2483
2482
2479
1147
963
1144
2475
725
967
2253
2011
2495
2493
2490
2008
971
1158
2489
973
1399
1155
735
978
738
2022
1171
1170
2259
2017
741
2258
2015
1167
2014
2498
746
505
508
2276
2031
2273
2271
991
2028
752
512
754
996
755
2266
1177
514
516
758
759
518
519
1197
2044
1194
2283
2040
2280
761
520
521
763
766
767
526
769
528
529
2295
772
531
773
534
2046
2288
538
2066
2065
2062
782
302
304
2299
548
549
309
2076
2074
791
550
551
793
310
794
795
554
796
559
319
2086
2083
560
2082
321
563
322
567
327
2092
2093
333
334
335
578
580
340
341
342
101
102
344
586
587
105
589
593
353
355
356
13
16
17
18
19
367
129
20
21
22
25
371
133
134
30
36
383
145
40
42
47
49
151
394
395
2900
157
399
2908
2906
50
1815
2904
53
2902
57
58
164
1820
62
1826
1825
68
170
175
176
2922
179
1830
70
2929
1839
2928
72
2926
1836
2925
184
2933
189
1600
1842
2931
2930
1608
2937
1604
2934
196
197
1613
2701
2943
1619
2707
2948
1616
2705
2947
1615
2704
2703
1856
1866
1623
1864
2710
1862
2951
1629
1628
1869
1625
1635
2966
2723
2722
1874
2721
1872
1639
1638
2725
1891
2976
2975
1885
1881
1649
1405
2978
2991
1415
2746
1414
2503
2745
2987
1413
1897
2502
1412
1896
2501
1895
2984
1894
2740
2981
2508
1418
2505
2999
2514
1667
2998
2756
1424
2997
2513
2512
1664
2753
2994
2993
1427
2516
2758
1682
2771
2770
1680
1436
1435
2765
2527
2540
1206
2779
1446
2534
1444
2775
1201
2773
2772
2539
2538
