1220
2792
2790
2789
2547
2304
2546
1214
1456
2545
1213
1455
2544
2300
1210
2783
2309
2308
2562
1473
2317
1
1227
2558
2
1468
2315
3
1225
1467
4
2313
2555
5
2312
1463
8
9
801
809
1242
2331
1483
1241
2572
1480
2327
1479
2326
1235
2324
2566
2323
2565
1475
2564
1474
2321
816
818
819
1011
1495
2100
1252
1494
1493
1250
1008
2339
1005
1246
1003
1485
822
824
826
827
2111
2353
2594
2352
2350
1260
1259
2348
2105
1257
2346
2588
830
1256
2345
2344
2585
2343
833
834
1275
2364
2363
1031
2358
840
1026
2357
2599
2114
1024
2113
2597
2355
601
1265
845
847
608
1044
1286
2375
1043
1285
2374
2373
2370
1038
2369
2368
610
1036
1278
2124
2366
854
1034
855
856
2144
2143
1296
1295
2384
2142
1052
2382
2139
861
1049
620
2379
2135
1045
624
867
628
629
2396
2154
1064
2395
2392
870
630
632
2147
877
636
878
2165
1075
2164
886
2156
646
888
405
649
2177
1087
2176
2173
1083
2172
1082
2171
890
891
651
410
652
411
412
896
416
2187
1097
1094
2183
2181
660
424
2190
2199
2196
672
2189
439
680
444
205
450
694
695
212
696
457
459
462
463
465
224
467
470
230
232
478
1908
482
245
488
248
1907
1905
1903
1901
1900
491
253
498
257
1915
1912
1920
267
268
269
1926
1925
276
1931
1930
278
1933
283
286
1701
1943
287
1700
1708
1948
1702
292
1712
2801
1951
2808
2807
2806
1958
1957
1713
2802
1722
2811
1721
2819
1729
2817
1969
1725
1967
2814
1733
2822
2820
2829
2828
1738
1737
1979
2826
1736
2825
2824
1987
1502
2832
1742
2831
1982
1508
1506
1746
2603
2844
1996
2601
1511
1752
1751
1993
2608
1518
2606
1758
2847
2604
2614
1767
2613
1523
2612
1522
2853
1762
1760
2618
2617
1769
2615
1780
2866
2865
1775
1774
2621
2862
1530
2861
2628
2869
1537
1550
2881
1790
2636
1546
2634
2875
1301
1543
1785
2874
2631
1783
1309
1548
2650
2892
2890
2405
2889
1315
1557
2888
1314
2402
1312
2885
1311
2400
2884
2883
1793
2640
1319
2407
2406
1572
2660
1568
1566
2655
2897
2412
2654
2895
2652
1320
2893
905
2659
2430
2672
2670
1338
1337
1578
2422
1574
2421
2663
910
912
2429
2428
2441
1350
2438
1589
1347
2436
2678
2435
1587
1344
2433
1343
2674
2431
921
927
1108
2439
2452
2694
2451
2450
2207
2449
1358
1599
2688
1114
2687
2202
2685
931
1353
936
937
1119
1132
1374
2221
2220
2462
2461
1371
2460
2459
1369
2458
1368
2215
2699
1367
2456
940
2213
2454
2212
1364
703
946
705
949
2232
1384
2231
1382
2471
2470
1139
2228
2227
2469
1379
2468
1378
2467
2224
952
711
712
713
716
717
959
718
1396
2243
1394
2483
2482
1150
1147
963
722
1144
2475
2233
725
967
968
2012
2254
2493
2492
2490
2249
1158
2489
973
1399
1155
735
2023
2022
2264
2020
2259
2017
741
2258
2015
2014
744
508
2034
2276
2274
2031
2273
2271
990
752
512
996
1177
2266
514
516
758
518
519
2044
1197
1194
2040
1192
2280
761
520
521
763
522
2037
767
769
528
529
2293
772
531
773
534
2046
2288
536
537
538
2066
782
542
785
302
304
546
2299
305
548
549
309
2076
2074
791
550
551
793
310
794
795
554
796
2068
559
319
2080
2083
560
563
322
327
576
335
580
341
342
584
102
344
586
104
105
589
594
353
355
356
11
13
16
17
18
19
122
123
367
368
129
20
21
22
25
371
134
135
136
30
36
38
383
143
145
387
40
1803
42
47
49
394
395
2900
1810
398
157
399
2908
1818
2906
50
1815
2903
53
2902
57
58
162
164
2918
1826
1825
2912
67
68
175
176
2922
179
1830
70
2929
1839
2928
72
184
2933
189
1600
1842
2931
2930
1608
2939
2936
1604
2934
190
192
196
197
1613
2943
2941
2949
2948
1616
2705
2947
2704
2703
2945
1866
1623
1864
2953
2710
2952
1862
2951
2959
1625
2714
2966
1634
2723
2722
1874
2963
2721
1872
2960
1639
2728
1638
2969
1891
2975
2733
1885
1642
2973
1640
1882
1881
1405
2736
2978
2991
2990
1415
2746
2988
2503
2745
1413
1897
2502
1412
1896
1895
2984
1894
2740
2981
2509
1419
2508
1418
2505
2515
2999
2514
2756
2998
1424
2997
2513
2511
2994
2993
1669
1427
2758
2771
2770
2765
2762
2527
1451
2540
2779
1447
2536
1446
1203
2534
1444
1202
2775
2773
2772
1209
2539
2538
