1583
1230
1
2
3
4
5
6
7
1100
8
9
922
1115
1475
932
933
817
938
818
1132
1129
821
1243
702
824
825
826
827
707
709
1014
1013
1012
712
955
836
715
716
959
719
601
965
725
606
848
729
1044
1161
850
1279
1399
733
1155
612
614
856
616
737
617
738
618
619
740
741
862
863
984
742
501
1167
502
624
504
625
989
627
507
1180
990
992
751
630
873
511
754
512
877
515
636
757
758
879
517
759
638
518
639
1195
1194
1070
1191
760
520
400
763
642
643
401
644
403
766
645
404
888
527
407
771
530
651
410
652
412
533
413
534
535
414
898
656
415
657
417
659
419
1091
1097
662
420
541
300
301
664
302
303
304
546
1089
667
305
547
306
548
427
307
549
308
309
430
793
310
673
431
432
311
674
312
554
313
314
677
315
436
557
799
316
679
437
317
438
318
319
680
681
440
682
320
200
321
684
442
563
322
201
443
564
202
323
565
203
566
445
324
204
446
325
205
326
447
206
448
327
569
207
449
328
208
329
209
570
450
330
451
210
331
694
452
211
332
453
695
212
575
454
213
334
456
214
335
698
336
457
215
216
337
579
458
338
217
218
339
219
580
460
461
582
462
220
341
100
221
584
101
222
343
102
223
103
466
345
104
225
467
588
105
226
347
589
468
106
227
348
469
107
228
349
108
229
109
590
591
471
350
230
351
110
352
231
473
111
353
232
474
112
233
354
475
113
234
355
114
235
356
598
115
236
478
357
116
237
479
358
117
238
359
118
239
119
10
11
12
13
14
15
16
17
18
19
360
481
240
482
120
483
241
121
242
484
122
364
485
123
486
244
124
245
366
125
246
126
247
489
127
248
128
249
129
20
21
22
23
24
25
26
27
28
29
490
370
250
130
251
493
372
131
373
132
253
374
133
254
375
496
134
255
497
376
135
256
377
498
136
378
257
499
137
258
379
138
259
139
30
31
32
33
34
35
36
37
38
39
260
140
261
141
262
142
263
384
143
264
385
144
265
386
145
266
387
146
267
388
268
147
389
269
148
149
40
41
42
43
44
45
46
47
48
49
390
270
150
271
151
272
393
152
394
274
153
395
154
275
396
155
276
397
156
398
157
278
158
279
159
50
51
52
53
54
55
56
57
58
59
280
160
281
161
282
162
283
163
284
164
285
165
286
166
287
167
288
168
169
60
61
62
1705
64
65
66
67
68
69
170
291
171
172
293
173
174
295
175
296
176
297
298
177
178
179
70
71
72
73
74
75
76
77
78
79
180
181
182
183
184
185
186
187
188
189
80
81
82
83
84
85
86
87
88
89
190
191
192
193
194
195
196
197
198
1734
199
1975
90
91
92
93
94
95
96
97
98
99
1659
1315
2643
1311
1330
1205
1565
1320
902
1208
906
