2550
2791
1580
1217
1338
2548
1458
2547
1336
2667
2788
1456
2303
1334
1576
2665
2786
2543
2664
2785
1574
1332
2421
2784
910
912
915
917
1339
2428
1594
2682
1228
2559
2558
2679
2799
2436
2557
1104
1588
2798
1224
1345
2313
1223
2675
2433
2554
6
1101
2311
7
1342
1584
2794
922
805
2319
2318
2439
929
1484
2694
2452
1120
1482
2692
2571
1360
1239
2328
1238
2206
2448
1116
1358
1236
2204
2567
2446
1356
1598
2445
2686
2443
2564
1232
2200
2442
812
934
935
939
2329
2342
2221
1252
2341
2582
1371
1491
2580
1490
1249
1007
2338
2217
1006
1005
1125
1488
2698
2455
1487
2334
820
1365
2696
2333
2575
700
1001
1122
701
822
823
704
706
1022
2474
2595
2232
2593
1381
2591
2108
2349
2348
2347
2346
2225
2103
710
831
1255
1497
1134
832
1254
1375
954
1275
1033
2485
2122
1153
1395
1032
2242
1151
2240
1150
2481
1391
2118
2239
1149
840
961
962
2477
2235
2598
1145
1266
2234
601
1023
1386
2354
2233
966
605
847
968
606
727
969
2254
2132
2010
2494
2372
2491
2129
2006
1037
1157
852
2488
2246
732
853
974
1277
1398
2003
2487
975
2365
734
735
979
859
619
1176
1055
2264
2263
2021
1173
2020
2141
1293
2260
1291
980
981
982
1049
2258
2379
2137
500
863
621
1047
1168
2136
622
864
1046
2135
2014
744
865
1166
2134
2013
2255
745
866
988
868
749
1187
2396
2274
2395
2030
2151
2150
1060
750
2029
993
631
994
1059
753
1058
1299
1177
2145
2387
999
639
2287
2043
1074
2042
2284
2162
1072
2161
2282
1071
2160
640
762
883
2037
2158
2036
525
527
1088
2056
2055
1084
2294
2293
2170
892
650
772
774
895
2169
776
655
1199
2288
658
1096
1095
540
783
300
301
422
786
666
787
788
306
427
2191
2077
2197
670
671
672
433
796
313
435
556
2069
315
678
316
438
2089
2087
561
683
201
564
203
324
567
205
568
328
2096
690
2095
2094
574
213
576
578
459
339
581
222
585
345
346
109
350
110
231
111
595
596
113
597
115
599
358
479
117
238
119
10
11
12
14
15
120
362
363
243
485
125
126
368
369
128
1907
1905
1904
23
24
26
27
28
29
251
372
131
252
494
374
496
255
135
377
136
139
1913
31
32
33
35
37
39
380
381
140
1800
387
146
147
148
1929
1927
1806
1924
1923
1801
45
46
48
2909
390
270
393
152
273
275
397
159
1939
2907
1818
51
1936
1814
2903
56
59
283
163
284
2911
287
169
2918
1949
2917
61
1706
62
63
1946
2914
64
2913
1823
67
290
171
173
294
174
295
296
177
1711
178
299
1831
2809
1719
1959
1837
1716
2805
1836
76
2923
180
1844
188
2810
1841
1609
1608
2939
1606
1968
2815
1967
2814
1603
1966
193
195
198
2702
2944
199
1854
2821
1732
1610
1730
2940
1970
2709
1859
2827
1979
1978
1977
2945
1745
2713
1622
2711
1621
1863
2831
1620
2950
1860
2718
2838
1627
1988
2714
1514
2724
1634
1513
2965
2723
2844
1633
2964
1511
1873
2962
1630
2961
1871
2728
2607
2727
2606
2969
1516
2726
2725
1770
2980
2735
1888
1403
1766
1645
2855
1523
2854
1643
1401
1884
1642
2731
2852
2973
2851
1883
2730
2971
2970
2619
2859
2738
1527
2737
2858
2979
2990
2867
2988
1898
1655
2986
2623
2744
2865
1654
2743
2864
2985
1411
1774
2500
2742
2863
1410
1773
1652
2862
1651
2982
1771
1419
1539
2626
2747
1426
1425
1304
2998
2635
2755
2876
2996
2633
2754
2753
2632
2873
2510
2752
1541
2751
1661
2992
1429
2759
2879
1440
1316
1799
2525
2646
2524
2766
1797
2402
2523
1554
2522
2764
2521
1310
1673
1430
1551
2882
2529
2408
1439
1317
2648
2769
2661
1571
1690
2658
2416
2537
2778
2536
2415
2535
2656
2777
1203
2413
2776
1686
1444
2896
2774
2532
1442
1200
1563
2651
1683
2893
1329
2418
2539
1207
1328
2417
1449
