909
2550
2792
2791
1580
1217
1459
1338
2669
1216
1458
1336
1215
2667
2303
2545
2665
2786
2543
2664
2785
1332
1574
2542
2784
1694
911
915
917
1339
1594
2440
2682
2680
1228
2559
1106
1348
2799
2557
1104
1588
2798
1224
1345
2434
1223
2675
2554
6
2432
1464
2795
2553
2311
7
1342
1584
2552
802
803
805
2319
928
2318
929
1484
1120
1240
1482
2692
2571
1360
1239
1238
2448
1116
1358
2447
2568
1236
2204
2567
2688
1598
1356
2445
1234
2686
2443
810
1232
2200
2563
812
934
813
935
2329
2342
2341
1372
2582
1371
1491
2580
1490
2218
1249
1007
2338
1006
2457
1125
1488
2214
2335
2577
1487
2213
2334
2455
2697
1365
2696
2333
2575
700
1001
2453
2332
2574
701
823
704
706
2219
1022
2474
1021
2352
1383
2593
1381
2591
2590
2108
2349
2348
1136
2346
2225
2466
2587
710
831
1134
1255
2465
832
1254
1375
2464
954
714
837
1275
2485
1153
1395
2484
2481
1391
2239
1149
840
961
1389
962
1267
2477
2598
2235
721
1145
1266
2476
2234
2355
1386
2354
2233
845
966
605
606
969
2012
2254
1164
2132
2010
2494
2372
1040
2491
2370
2129
2006
2127
1037
852
1157
2488
2246
732
853
974
1277
2003
975
2123
2365
2486
613
734
735
858
979
1176
1297
1175
1296
2143
2264
2263
2021
2142
1173
2020
1293
1292
2260
1291
980
981
982
1049
2137
2379
500
621
863
1047
1168
1289
2136
622
743
864
1046
623
865
1166
2013
2134
745
988
626
627
507
749
1187
2034
2274
2032
2151
2150
1060
750
2029
751
993
2149
631
994
1059
2148
995
1299
2388
634
1177
2145
2387
999
639
2045
2287
2043
2285
1074
2284
2041
2162
1072
2161
2282
1071
2160
762
883
2037
2279
644
765
2278
2036
526
889
527
408
1080
1088
2056
1087
1084
2294
2293
2050
2170
892
650
774
895
2169
655
776
1079
897
2047
2168
1199
536
899
778
659
1096
1095
2062
540
420
300
422
786
666
2178
306
427
2191
2077
2197
2073
671
553
433
555
435
556
2069
678
316
438
2089
2087
2084
561
683
201
564
203
325
568
206
328
449
329
2098
690
2095
2094
331
453
574
213
698
578
217
339
581
220
222
585
346
347
468
227
348
107
471
111
595
596
113
597
115
358
479
117
359
119
10
11
12
14
15
120
362
363
124
125
126
369
128
1904
23
24
26
27
28
29
251
252
135
136
378
1914
1913
31
1912
32
33
35
37
39
381
140
263
1800
266
387
147
148
1929
1927
1801
45
46
48
390
150
393
152
273
275
397
277
1939
2907
51
1936
2901
56
59
280
283
163
284
285
2911
1943
1821
168
169
1949
2917
61
63
1825
1946
2914
64
1945
2913
290
171
173
294
174
295
296
1954
177
1711
2921
178
2809
1719
1717
1959
1837
1716
2805
1836
76
2923
1955
77
180
186
187
188
1601
2810
1841
1609
2939
2937
1847
1968
1967
1966
193
2702
199
1854
2701
2822
1974
1853
1732
1610
1731
1730
2940
1971
2709
2708
2707
1859
1979
1977
1856
1745
2834
2955
1622
1985
2711
1621
1863
1620
2950
2718
1507
2838
1627
1626
1747
1988
2835
2714
1514
1877
1998
2724
1634
2965
2843
2964
1632
1511
1873
1994
2962
1630
2961
1871
2607
2606
2727
2848
2725
1770
2980
2735
1524
1645
2734
2855
1765
2854
1643
1884
2731
1642
2852
1883
2972
2851
2730
2971
2619
2738
2859
1527
1406
2737
2858
2979
1526
2857
2990
2625
2867
2988
1777
1898
2624
1655
1534
2623
2986
2744
1654
2622
2743
2985
2864
1411
1774
2742
2500
2863
1773
1531
1530
1651
2982
1771
1650
2860
2629
1539
2749
1538
2747
1426
2878
1667
2635
2876
2755
1665
2512
2633
2754
1543
2632
2753
2510
2873
2752
1541
2751
1661
1429
2759
2637
2891
1680
1316
1799
2646
2767
2525
2523
1554
2764
1674
2642
2521
2763
2400
1310
2762
1430
1551
2882
2408
1439
1318
1317
2648
2769
1571
1692
1690
2658
2416
2657
2415
2778
2777
1203
1687
2413
1686
1444
1323
1201
2532
2774
1442
1200
2531
1684
2651
1683
2530
901
2419
1329
2418
2539
1207
1328
2417
1449
