1462
2672
2550
2791
1580
1459
1338
2548
1458
2789
1336
2788
2303
2787
1213
1696
1575
2543
2785
1332
2784
1452
2541
911
912
915
916
917
2428
2307
1473
1594
1593
2561
2680
1590
1228
1107
2317
2559
2558
2437
2799
2678
3
1588
2798
1224
2313
1345
1586
2554
6
1101
7
1342
1463
2552
2673
803
924
806
1109
929
2452
2694
2573
1482
2692
1480
2328
1239
1117
2448
1358
1479
2447
1236
2446
2567
1356
2445
2203
1234
1233
2443
1232
2684
2200
2329
2342
1252
1130
2581
2580
1490
1008
2339
1249
2217
1006
1248
1127
1005
2215
1125
1488
1366
2455
1123
1365
2696
1001
2453
2574
701
823
945
705
948
828
1022
2111
1261
1260
1381
1016
2347
2225
1256
2103
710
831
1497
1255
2344
711
1254
832
953
1496
954
717
1275
1154
2122
2485
1153
2242
2000
2484
1031
1151
2240
1150
1028
1149
1269
2358
1026
840
961
962
842
1145
2234
964
1265
1023
2354
724
966
605
968
847
969
728
1286
2254
1285
2011
2253
2132
2010
2493
2491
2490
2009
2006
2368
731
610
2246
732
974
1277
2003
734
615
736
1175
1296
2143
1053
2021
2020
1293
2261
1292
981
2018
2017
1048
2258
2379
2137
500
1047
1289
2136
1046
2134
2013
1287
2497
745
866
988
748
629
2155
2396
2154
2274
2030
1182
2271
1060
2029
2028
994
1059
2026
633
996
513
2266
635
999
1190
2287
2284
2283
1072
2282
640
883
762
641
885
1069
2037
765
886
768
889
406
648
2056
1087
2297
2295
1084
2294
1083
1082
2170
770
892
772
531
773
895
2049
654
2169
534
897
776
2289
416
658
779
1096
1095
1092
660
783
300
784
663
422
303
2057
2178
2077
2197
2075
2073
2194
790
434
556
316
559
2089
441
442
201
444
686
324
688
2092
2097
2096
692
213
215
217
459
581
220
222
346
106
227
107
350
592
351
231
232
595
112
113
234
597
115
358
10
12
14
15
481
120
362
243
365
125
367
488
368
127
369
128
129
23
24
26
27
28
29
371
252
494
133
496
257
139
1915
1914
31
32
33
35
37
39
380
381
263
144
145
146
148
1929
1928
1924
1922
45
46
2909
392
273
397
1810
1931
277
1939
2904
55
59
163
284
2911
287
1821
1941
289
169
1707
2917
61
1948
2915
63
64
1945
290
171
292
293
294
173
174
295
296
1954
177
2921
1711
178
299
1831
179
1717
1959
1716
1837
75
2803
76
2802
181
183
185
1844
188
1722
189
80
1609
1606
1727
1968
1967
199
1854
2821
1732
2940
1730
91
2709
2949
1859
1858
2826
1979
1978
1857
2825
2955
1744
1986
1623
1865
1622
2953
2711
2832
1863
1500
2952
2831
1980
1629
1507
1627
1748
1989
1747
1504
1988
2956
2714
1514
1877
1635
1876
1513
2602
1875
2843
2964
2600
2962
1630
1871
1992
2607
2606
2727
1637
1878
1999
1770
2980
1888
1524
1766
1523
2854
1643
1885
1400
1762
1883
2972
2971
1409
2979
1526
1660
1778
2988
1777
2503
1776
2986
1532
2500
2621
1531
1652
1530
1651
1771
2629
2507
2628
1537
2626
2747
2880
1426
1788
2756
2514
1666
1302
1301
2753
1541
2751
2871
1661
2992
1549
2637
1440
2650
1680
1679
2768
1557
1799
2404
2525
1436
1313
1554
1675
2401
1553
2642
1673
1310
1552
2520
2883
2762
1551
1672
1559
2769
2540
2537
1447
2657
1446
2656
1203
2413
1444
1686
1564
1443
1200
1683
900
2419
1329
2418
