1462
2793
1461
1460
1699
1457
1698
1697
1212
1454
1696
2301
1453
1211
1452
2309
1219
1218
2549
1231
1472
1230
1471
1470
1469
1226
2556
2314
1466
1465
1222
2310
2794
800
807
808
1242
2330
1481
2565
2322
1233
814
815
817
819
1253
2584
1010
1251
2340
1492
2581
1248
2579
2337
1247
1005
1489
1004
820
1486
1244
821
1243
827
829
1264
2595
1263
2110
1262
2351
1261
1260
1019
1018
2107
1017
2106
1016
2589
2105
2347
830
1013
1497
2102
2344
2586
1012
2101
835
839
1033
2122
1273
2120
2362
1272
1271
2360
1270
2119
1029
2118
1028
2117
2359
1027
1269
2116
2115
1025
600
842
843
2112
2596
602
603
604
848
607
849
609
2133
1284
2131
1041
1282
1039
850
851
2125
2367
611
1035
612
1276
614
857
616
617
619
1055
2386
1054
2385
1053
1294
2141
1051
1050
1290
860
2138
862
620
2378
1287
866
868
1066
1065
2153
1063
2394
1062
2393
1061
2391
870
872
873
874
1058
2389
633
875
2146
876
1056
1298
635
879
638
1077
1076
2163
1070
880
882
641
400
884
401
643
885
1069
2158
1068
2399
645
1067
406
648
649
409
1086
2175
2174
1081
893
411
656
1078
2167
415
657
658
418
1091
2180
1090
2188
2182
1092
662
2179
667
1089
668
669
428
429
2195
2194
2193
431
673
675
434
676
677
436
437
679
442
685
686
689
448
450
692
451
210
452
211
699
458
218
461
463
464
225
469
229
472
231
233
475
476
235
477
237
481
240
483
484
488
247
489
249
1906
1902
250
495
1910
254
496
255
259
1918
1917
1916
1911
1921
265
1928
1922
274
1932
279
1938
1937
1935
281
282
1942
288
1941
1940
1706
1705
1947
1704
1703
1944
293
297
299
1952
1950
1956
1714
1723
1720
1961
1960
1728
1727
1726
1724
1976
2823
1975
1733
2821
1973
1970
1739
2828
1978
2825
1735
1503
1744
1743
1742
1984
1983
1982
1740
1981
1980
1509
1749
1748
1989
1504
1755
2602
1754
1512
1753
2600
1995
2841
1510
2840
1992
1991
1515
1757
1999
1525
1766
2613
2610
1763
2850
1529
1528
1768
1781
1536
1778
1535
1776
1533
1532
1772
2627
2868
1779
1789
1547
1546
1304
1788
2877
1544
1542
1784
2630
1540
1308
2639
1306
1560
1558
2405
1315
2404
2403
1798
1313
1797
1311
1553
2409
1559
1330
1570
1569
1327
1568
1567
2414
2656
1324
1565
1322
1564
2653
2411
1321
1563
1562
900
902
903
904
906
907
908
1341
1583
1340
1582
2671
2427
1579
2668
1334
1333
1575
1331
1573
2420
913
914
916
918
1110
1593
1591
1590
1107
1349
1347
1346
2677
1103
1586
1101
1585
920
2431
923
924
925
926
1109
1108
1121
2210
1362
1361
1118
2206
2205
2689
2203
1355
1113
1597
1354
1596
2201
1111
932
933
937
938
2209
939
2208
1132
1373
2220
1130
1129
1128
1127
2216
1369
1126
1124
1366
941
1123
942
1122
943
944
945
947
948
707
708
709
1143
1385
1140
2470
1380
2229
1138
1137
1135
1377
1376
2223
953
1133
956
715
957
1154
2000
1152
1151
1393
2240
1392
2480
1390
960
1148
2237
2236
1388
963
1387
722
964
723
965
724
725
726
728
729
1165
2496
2252
2251
1161
2009
2008
2007
2249
2248
730
2005
731
1156
977
736
737
2265
2023
1174
1172
1171
2019
2018
983
1169
742
984
501
985
986
503
746
989
506
509
1186
2275
2033
1185
1184
1183
2272
2030
1182
1181
1180
991
992
510
2027
2269
753
1179
2026
1178
2025
513
755
997
2266
2024
998
515
757
516
517
1190
1198
1196
1195
1193
1191
760
2039
764
523
1189
524
1188
2277
2035
767
525
768
2297
2295
2053
2052
2051
2292
2291
771
530
533
775
2048
534
2289
777
539
2066
2065
2064
2063
2060
781
543
785
2059
787
546
788
2057
789
548
2070
2075
790
2072
2071
792
311
313
798
2068
558
317
2081
2080
2088
2086
2085
562
565
566
326
2079
569
2091
2099
2097
571
572
332
575
577
337
579
582
583
584
343
345
588
106
590
592
594
114
357
118
360
361
365
366
370
372
373
374
133
1809
382
384
143
385
144
386
388
389
1808
1807
1805
1802
151
1811
1810
398
158
1819
1812
1822
166
1820
2919
2918
1828
1827
1824
170
1831
1838
73
2924
78
79
183
185
1844
1602
1843
1840
81
1607
1606
1848
1605
1846
87
1603
1845
191
194
198
2944
1612
2942
1852
1851
1850
92
1619
1618
2949
1617
1858
1615
1857
1614
2713
1865
1861
1860
1869
1868
2715
1625
2956
1875
1633
1870
1639
1879
1636
1404
1887
1403
1644
1401
1400
2970
1409
1408
2739
1649
1648
1647
1889
1660
1657
1899
2504
1414
1656
1653
1410
1652
1893
2507
1659
1417
1658
1416
1671
1670
1668
2515
1425
1423
1422
1421
1663
1420
2750
2519
1428
2517
1440
1682
1681
1678
1434
1676
1433
1675
1432
1431
1673
1672
2528
1438
1693
1450
2781
2780
1206
1448
1689
1447
1204
2535
1685
1443
1441
1209
