2793
2790
2305
1457
1698
2302
1455
2786
1454
1211
2542
1694
1218
1231
1230
2560
2316
1226
1468
2557
1466
2555
1223
2796
802
805
2319
807
2318
1484
2331
2571
2326
1237
2566
2323
811
815
1495
1010
1494
1251
2579
2336
1004
1246
1245
2334
1487
2576
2332
1009
829
1264
1263
1020
1018
1499
1015
2104
2346
1014
830
1498
2586
1012
835
1032
1274
1273
2360
2119
1029
2359
1268
2357
2599
841
2598
2356
2597
2355
601
2112
844
845
1044
2374
1042
1041
1280
2129
2128
850
1037
1279
2126
1036
852
2366
858
618
1050
2381
1291
860
2139
861
621
863
2378
1288
2135
624
626
869
2397
2153
2394
1062
2150
2390
1057
2388
2145
2387
637
639
1077
1075
2163
1073
1071
1070
882
884
2159
401
2158
402
2157
645
887
2398
647
407
408
409
1088
1085
2171
891
651
894
653
413
1079
655
1078
415
417
419
1091
1090
1098
2186
2185
1093
2182
661
420
664
665
666
425
667
669
428
429
2198
670
671
678
680
440
683
684
687
445
204
205
206
207
691
210
695
453
456
219
221
464
466
467
226
228
229
472
236
1909
240
483
242
486
244
1906
1905
1919
491
250
492
253
495
1910
497
256
499
260
261
264
266
269
270
271
272
274
275
276
1934
1708
1706
1705
1944
291
1953
1710
1719
1718
1958
1957
2811
1963
1720
2818
2816
2814
2813
1976
2823
1975
1972
2829
2828
1990
2834
2833
1501
1984
2830
1508
2837
1505
2836
1746
2835
1756
2845
1997
2601
1753
1510
2609
1759
2605
2856
2611
1521
2852
1520
1760
2857
1768
2870
2624
1534
2863
2620
1539
1538
2878
1545
2876
2875
1786
1785
1300
2873
1784
1783
1782
1540
1307
2638
1548
1560
2647
2889
1315
2646
1556
2403
1798
1797
2644
1795
1793
2407
2406
2661
1571
1326
2899
1325
2898
1567
2654
2411
2652
1562
2651
901
908
909
2669
2668
2426
2425
1335
1334
2423
910
2429
1352
2682
2681
1105
1104
1346
2676
1102
2675
2433
2431
922
923
928
2210
2207
1359
2205
1115
1599
1114
1598
2686
1595
1111
2442
935
2209
2221
2463
2462
2216
2699
700
2211
702
703
946
2219
2231
2230
2470
2229
2227
1378
951
2466
1134
1376
2223
1133
714
956
959
2241
1152
2481
1390
960
2236
1389
2478
2233
723
729
1165
2012
1163
2494
1162
2007
1159
2248
971
972
1158
2487
733
2002
976
978
739
1174
1173
1172
1170
982
2016
2257
2499
743
2498
2255
987
504
507
2031
990
751
993
2268
1178
2267
757
519
1198
2045
1196
1192
760
761
763
2279
523
2036
2035
528
529
2290
2296
530
533
2047
535
777
2288
537
2067
2062
2061
780
781
541
785
302
544
786
787
545
547
306
308
309
2070
310
795
313
797
798
315
558
317
2087
560
2082
561
322
569
328
2098
2095
570
330
572
331
573
576
578
338
580
583
100
102
345
348
349
108
109
591
593
110
352
354
114
359
118
121
124
126
370
130
131
132
376
135
379
30
34
38
140
141
142
1800
386
1804
41
1801
44
48
393
153
395
154
396
2900
156
158
1816
52
54
56
160
161
165
1822
167
168
2918
60
1825
65
66
69
170
1833
2922
2920
70
2929
71
1834
77
182
184
2932
1843
1600
81
1608
2939
83
2938
85
86
1604
2935
87
88
190
192
195
2943
1611
2942
1610
1851
94
2706
96
97
2946
98
1856
2945
1614
99
2712
2954
2710
1862
1861
2719
2718
2959
2716
2957
1867
1634
1633
1632
1874
2720
1638
2968
1646
2735
2977
1403
1886
2733
1644
2732
1640
1407
1649
1406
2737
2736
1656
2745
2987
1897
1412
2985
2741
1650
1892
1659
1417
2506
1658
1668
1425
2998
2513
1665
2512
1664
2995
2511
1420
1662
2518
2759
2758
1437
2767
2782
1450
1691
1690
2778
1688
1202
2772
1208
2539
1449
