2792
2791
2790
1217
2305
1457
1211
1695
2542
1452
1694
2541
2783
2307
2320
2555
2797
2796
2312
802
804
806
1484
2331
2573
2572
2571
2570
1237
2568
1477
2566
810
815
2583
1493
2579
1247
1489
1245
1487
821
1243
2332
1009
2352
2350
2592
2591
1018
1258
1015
2104
830
2586
1012
834
836
838
1274
1030
2361
2360
1027
1268
841
2356
601
844
1044
2374
1284
1041
1283
1280
2128
1279
2126
1036
2366
612
857
618
2382
2381
1291
1048
1288
624
869
2397
2155
2153
3000
1062
2390
2149
1057
2388
2387
635
637
2166
1075
1073
884
2158
402
2157
2156
404
647
407
408
409
1085
894
654
413
1079
898
1078
658
1090
1098
2186
2185
1093
2182
661
420
663
664
665
667
2178
669
428
2198
670
671
430
431
674
678
439
440
682
200
684
444
687
445
204
207
449
208
209
454
455
456
459
219
221
466
225
227
228
229
472
231
232
475
236
1909
1908
481
240
483
242
244
486
489
1901
1919
490
491
492
251
493
497
256
499
260
261
263
264
266
1924
270
271
272
274
285
286
1941
289
1709
291
1953
1710
1951
2809
1719
2808
1718
1717
1957
2803
2802
2812
1965
1963
2818
2816
2815
2820
1972
2829
1990
1986
2833
1501
1741
1983
1508
1506
2837
2836
1504
1746
2835
2845
2602
2842
1510
2609
1519
1759
2848
2856
1764
2611
1521
1761
1781
2870
1534
1531
1772
2629
1539
1791
2880
2878
1303
1545
2633
1785
1300
2872
1783
1782
1540
1307
2638
1306
1548
1560
1799
2646
1798
1556
2644
1795
1553
1793
2640
1318
2407
2661
1326
2899
2657
1325
2896
2410
2652
1320
1562
901
909
1583
2426
1336
2425
1335
1334
2423
1575
2421
2662
911
2429
1352
1592
2681
2680
2679
1105
1346
1102
1586
1100
2673
922
928
2693
2692
2690
2207
2447
1115
2686
2444
1112
1596
931
1595
2442
2209
1119
2463
1373
2462
1368
2699
700
1122
2695
702
704
946
2219
1142
2231
2230
1141
2472
1138
2225
951
1134
2223
956
959
2001
2241
1150
2481
1390
1389
2236
2478
720
2233
966
729
1165
2012
1163
1162
2007
971
1159
2248
972
2004
1398
733
1397
2002
739
2264
2020
1172
740
2499
2257
2256
502
2255
503
504
506
507
2031
1182
990
2268
2267
997
757
759
2283
1191
761
521
2038
522
2279
523
1188
528
2290
2293
770
771
530
533
535
777
2046
537
2067
780
541
784
786
303
545
547
307
308
309
2076
552
313
799
2068
558
561
320
325
330
331
573
576
335
578
338
100
103
587
107
108
591
351
593
110
352
354
114
598
599
116
359
121
124
370
130
131
132
133
375
376
136
137
379
34
1809
141
142
147
149
41
44
2909
391
151
395
154
396
2900
156
1816
51
52
1814
54
160
161
162
165
1822
166
167
1829
60
2914
65
2912
66
69
170
2920
71
2927
2925
75
1835
79
186
2933
2932
2939
83
1849
2938
84
85
1847
86
2935
87
1603
88
190
192
1855
2943
2942
1610
2941
1851
1850
90
91
94
95
2706
96
2946
98
1856
2945
99
2955
1865
2712
2954
2953
1863
1621
2710
2719
2959
2716
2957
1867
1880
1876
1632
1631
2720
2960
1637
2968
2967
1878
1890
1646
1404
2977
1403
1402
1886
2732
1641
1640
1407
1406
2736
2991
1414
1656
2987
1655
1412
2985
2741
1650
1892
2508
2507
2506
2748
2989
2760
1670
1668
2999
1667
1666
2995
1662
2518
1679
2768
2767
2522
2764
2769
2782
1450
1690
1447
1688
1445
2776
1202
1443
1442
1441
2530
1208
