1220
2551
2547
1215
2304
2546
1214
1456
2545
2544
2300
1210
2783
1219
2308
2562
2320
1472
1471
1
1227
2
2315
1225
2314
1467
4
2797
5
2312
1464
2311
8
9
801
804
808
809
1242
1483
2570
2327
2568
1235
2324
1476
2322
810
2321
1474
2563
812
813
816
818
2341
1493
1491
1489
1003
820
1002
1486
1243
822
825
826
2353
2595
1021
2594
2352
2350
2590
1019
2108
1259
1258
2105
1257
2588
2102
2585
834
836
838
839
2364
2363
2120
1030
1267
2114
1024
603
846
607
608
2133
2375
1043
1284
2131
2373
1283
2372
2130
2371
1281
2127
1278
2367
853
2124
612
854
1034
2365
613
856
616
859
1297
2144
1295
1052
2141
2383
2382
2138
620
864
2377
623
865
1045
625
867
868
627
1064
2395
3000
2151
2392
2391
870
871
630
2149
2148
632
874
1058
2147
2146
1298
877
636
878
638
2165
2164
2162
2161
2160
880
1068
403
888
405
2177
2174
2172
890
410
652
411
896
414
2167
659
418
2180
1099
2187
1097
2181
662
423
426
2190
2199
672
431
433
438
439
681
682
200
443
685
202
208
450
451
693
212
696
455
697
214
457
216
218
460
462
223
465
224
225
470
473
474
233
476
478
238
1908
480
485
245
246
248
1907
1903
1901
1900
490
251
493
498
258
1917
1913
1912
1911
1921
267
1926
1923
278
1938
1936
1933
280
283
285
286
1943
1700
1949
1946
1702
2801
1951
1950
2808
2806
2805
1715
1956
1713
1955
1964
1721
1962
1969
1726
2815
1966
1731
2820
1971
1738
2827
1736
1735
1977
1503
1745
1987
1502
1743
1741
1740
1982
1981
1749
1506
2603
2844
1996
1754
1511
2841
1751
1750
2608
2849
1517
2848
2847
1515
2604
2614
1767
2613
1522
1763
1761
2850
2619
1529
2618
1528
2617
1769
1781
1780
2625
2867
2866
1775
2864
2622
1774
2861
2868
1550
1792
2881
1791
1790
1305
2877
1546
1303
1309
1306
2892
1561
2891
2890
1316
2405
2888
1314
2645
1555
2886
1796
1794
2882
2640
1319
2408
1330
2660
1570
2415
1324
1566
2655
2897
1323
2896
2895
2410
1563
2894
2893
905
1328
2417
2430
1340
2671
1337
1579
2667
2666
2424
2665
1333
1574
2663
1331
1573
913
2441
2438
2436
1589
2435
1587
1344
1343
1100
927
1108
2439
1363
2451
2690
2206
1116
2689
1357
2204
2688
2202
1354
930
2685
931
933
934
936
937
939
1374
1131
1372
1371
2460
1370
2458
1369
1368
2456
940
1124
2213
2697
941
2454
2212
1364
2695
709
2474
2232
1384
1141
1140
1382
2471
1139
2468
950
1136
2467
2224
2465
2464
713
715
716
958
719
1396
2001
1395
1394
2482
2239
1148
2479
1147
2477
721
963
1387
1144
2475
1386
965
967
727
1164
2495
2252
2492
2250
970
2489
1399
2488
2245
1155
1397
735
738
2265
1176
2262
980
2259
741
1168
1167
744
1166
746
505
747
749
508
2034
2033
2273
1183
2272
991
752
754
1177
514
516
758
759
518
2044
2042
2041
2040
2281
1191
2280
520
522
1189
1188
767
527
769
2298
2052
2293
2050
532
774
2046
778
2066
2064
782
540
301
2058
304
546
305
789
548
307
2078
2074
550
551
793
794
555
799
318
319
2081
2088
2083
320
563
323
565
566
567
568
327
2091
2093
332
574
333
334
336
339
340
582
341
342
101
344
586
103
587
104
105
347
589
111
355
356
116
117
11
13
16
17
18
19
363
122
123
20
21
22
25
375
377
136
378
36
1809
383
143
385
387
147
389
149
1808
40
1803
42
1802
47
49
390
152
394
155
398
157
159
1819
1817
50
1815
2903
53
1813
2902
57
58
166
2910
1820
1829
62
1826
67
68
172
176
1830
1839
2928
72
1838
2927
2926
74
2925
1835
186
187
1602
1601
1842
2930
82
1849
84
2937
2936
2934
196
197
198
1613
1619
2707
2948
2947
1615
2703
1624
1864
2951
1620
1860
1628
2717
1869
2958
1868
1626
2966
2723
2721
1631
1873
1872
2969
2726
1636
2725
1890
1645
2976
1401
1642
2973
2978
2991
2990
1415
2504
1414
1898
1413
1655
2744
1896
1654
1411
1895
2742
1410
1893
2740
2982
2509
1419
2508
1418
2749
1670
2515
2757
2999
1667
2754
2996
1422
2510
2752
2993
2750
1429
1427
1669
1682
1678
1435
2761
1439
2528
2527
1451
2780
1206
2779
1689
2536
2534
2775
1201
2532
2773
1442
1441
2530
1207
2538
