1220
1461
2791
1458
1215
1214
1698
1456
2303
1213
1455
2302
1454
1696
1211
1695
2542
1452
2308
1219
2307
1472
1230
2561
2560
1228
2317
1
2
1468
2557
3
1225
4
2797
2555
5
1223
6
1464
7
8
9
801
802
803
804
805
806
2319
807
808
809
1000
2331
1242
1484
1483
1239
2327
1237
1479
1236
1235
2324
1234
1475
1233
810
811
812
813
814
815
816
817
818
1495
1493
1491
1008
1007
1249
1006
1248
1247
1005
1488
1004
1003
1487
2334
820
1002
821
1243
2332
822
823
824
825
826
827
828
1009
829
1022
1264
2111
1021
2594
1020
1261
2350
1260
1019
1018
1259
1258
1016
1015
1499
1256
830
1498
831
1013
1255
1254
832
1012
1496
834
835
836
837
838
839
1033
1275
2122
1032
2363
1031
1030
1029
1028
1027
1269
1026
840
1268
841
2114
1267
600
842
1024
601
1023
844
603
845
604
605
847
606
848
607
849
1286
1285
1043
2132
2374
1284
1283
1041
2372
2371
1280
2129
1039
850
1037
1279
2368
610
1036
1278
853
1035
611
2366
854
612
1034
613
856
614
615
858
617
859
618
619
1055
1296
1053
1295
2383
1291
860
861
620
1048
862
621
1047
863
2136
864
1046
2135
1288
1045
1287
2134
624
866
625
867
626
868
627
869
628
629
2397
2155
1064
2395
1062
2151
2392
1060
2390
870
871
630
872
2149
631
2148
632
1058
1057
633
875
2146
2145
2387
635
877
636
878
637
879
638
639
1077
1075
1074
2162
1072
1071
1070
881
640
882
883
641
400
642
884
401
643
1069
885
2158
402
644
886
1068
403
645
887
1067
404
888
405
647
889
406
407
649
408
409
1088
1086
1083
2172
2171
890
892
651
410
894
652
411
653
895
412
654
896
413
655
897
1079
414
898
656
1078
415
899
416
417
659
418
419
1091
1090
1097
1096
2185
1095
1093
1092
2181
660
661
420
662
421
663
422
664
423
665
424
666
425
667
2178
1089
426
668
427
669
428
429
2197
670
671
430
672
431
673
432
674
433
434
436
678
437
679
438
439
680
681
440
682
441
200
442
684
201
443
202
444
686
203
445
687
204
688
205
447
689
206
448
207
208
209
690
691
450
692
451
693
210
452
211
453
695
212
454
696
213
455
697
214
456
698
215
457
699
216
458
217
459
218
219
460
461
220
462
221
463
222
464
223
465
466
224
225
467
226
468
227
469
228
229
470
471
230
472
231
473
232
474
233
475
234
476
235
477
236
478
237
479
238
239
1909
480
481
240
482
241
483
242
484
243
485
244
486
245
487
246
488
247
489
248
249
1907
1905
1903
1901
490
491
250
492
251
493
252
494
253
495
496
254
255
497
256
498
257
499
258
259
1913
1912
260
261
262
263
264
1921
265
266
267
268
269
1923
270
271
272
273
274
275
276
277
278
279
1936
280
281
282
283
284
285
286
287
1700
288
289
1949
1707
1706
1705
1946
290
291
292
293
294
295
296
297
1954
2801
298
1711
299
1710
2808
1717
1715
1955
1722
2816
1969
1968
2814
1966
1732
1730
1972
1971
1738
1737
1979
2826
1745
1503
1501
1740
1508
1506
1505
1747
1989
1746
1514
1756
2603
1513
2602
1996
2843
1511
1751
1759
1517
1770
1767
1523
1765
1764
1521
1761
2619
2617
1527
1769
2857
2870
1780
2867
1777
1775
1532
1531
1771
2629
1539
1537
1550
1305
1546
1545
1303
1302
1301
1785
1300
1783
1782
2871
1540
1307
1549
1548
1557
1799
1314
1556
1798
2645
1313
1554
1795
2642
1311
1310
1794
2883
1793
1551
1319
2408
2407
1559
1571
1326
1325
1566
2410
900
901
903
905
1329
1328
2417
908
909
2430
1340
1580
1337
1336
1335
2666
1334
1576
1574
1332
1573
910
911
912
913
915
916
2429
917
918
919
1352
1110
1593
2682
1107
1106
2436
1588
1345
1102
1344
1586
1343
1101
1100
920
1342
922
924
925
926
1109
927
928
929
1363
2452
2690
2207
1359
1117
1116
1358
2689
1599
2688
1357
1598
1356
930
1112
2685
1354
931
1595
2684
2200
932
934
936
937
1119
939
1374
2221
1131
1130
1371
1127
1369
1368
1125
1367
940
1366
2213
941
1123
700
1364
701
943
702
703
945
704
948
708
2219
709
1384
1140
1139
2227
950
1378
951
710
1134
1376
711
1133
953
954
712
713
955
714
956
715
716
717
959
718
719
1396
2001
2485
1154
1153
2484
2242
1150
2481
2239
1149
960
1148
1147
961
1389
720
1146
2477
721
1145
963
1144
2475
964
1386
2233
965
724
966
725
967
968
727
969
728
729
1165
1164
2253
1163
1162
1160
2491
970
2007
971
1159
2248
730
972
1158
731
1399
732
1156
974
1398
2487
733
1397
975
734
976
735
736
978
979
738
739
1176
1174
1173
2020
2262
1172
980
740
2017
741
1169
500
1168
742
2015
501
743
1167
502
744
1166
2013
2255
745
503
987
504
746
988
505
506
748
507
749
508
1187
2274
1184
2273
2031
1183
2030
1182
990
991
992
993
751
510
752
994
511
753
995
512
996
754
1178
513
1177
2266
514
756
999
516
758
759
517
518
519
1198
1197
2044
2284
2041
2040
1192
1191
760
761
520
521
763
522
764
2037
523
765
1189
524
1188
525
767
526
768
527
769
528
529
2056
2296
2293
770
771
530
772
531
773
532
774
533
775
534
776
535
2046
777
536
537
538
539
780
781
540
782
541
783
300
542
784
301
785
302
544
786
303
545
787
304
546
788
305
547
789
306
548
307
308
309
790
791
550
551
793
310
552
794
311
553
795
312
554
313
797
555
314
556
2069
315
557
799
316
558
317
559
318
319
560
561
320
562
321
563
322
564
323
565
324
566
325
567
326
568
327
569
328
329
2092
2098
2095
570
571
330
572
331
573
574
332
333
575
334
576
335
577
336
578
337
579
338
339
580
581
340
582
341
583
100
342
584
101
343
585
102
344
586
103
345
587
104
346
105
347
589
106
348
107
349
108
109
350
592
351
593
110
352
594
111
353
595
112
354
596
113
355
597
114
356
598
115
599
357
116
358
117
359
118
119
10
11
12
13
14
15
16
17
18
19
360
361
120
362
121
363
122
364
123
365
124
366
125
367
126
368
127
369
128
129
20
21
22
23
24
25
26
27
28
29
370
371
130
372
131
373
132
374
133
375
134
376
135
377
136
378
137
379
138
139
30
31
32
33
34
35
36
37
38
39
380
381
140
382
141
383
142
384
143
385
1800
144
386
145
387
146
388
147
389
148
149
40
41
42
43
1801
44
45
46
47
48
49
390
391
150
392
151
393
152
394
153
395
154
396
155
397
156
398
157
399
158
159
1817
50
1816
51
1815
52
1814
53
1813
54
55
56
57
58
59
160
161
162
163
164
165
1822
166
1821
167
168
169
1829
60
61
62
63
64
65
66
67
68
69
170
171
172
173
174
175
176
177
178
2920
1831
179
70
71
1839
72
2927
1838
73
1837
74
2925
75
76
77
78
79
180
181
182
183
184
185
186
187
1844
1602
188
1601
2932
1843
189
1600
1842
80
81
82
83
84
1606
85
86
2935
87
88
89
190
191
192
193
194
195
196
197
198
199
1854
1611
90
91
92
93
1619
94
95
96
97
98
1856
99
1623
2953
1864
1863
1862
1628
1627
1626
1867
1877
1634
1876
1874
1873
2720
1871
2726
1878
1636
1646
2977
1645
1403
2733
1885
1642
2973
2971
1407
1406
1660
1415
1414
1656
2503
1413
1655
1897
2986
1412
1654
1896
1411
2742
2500
1892
1650
2509
1419
1418
2507
1417
2506
1426
1667
2998
1424
1666
2513
1665
1664
1662
1420
1661
1427
1440
1682
1436
1435
1434
1675
1430
1439
1451
1206
2779
1447
1446
1688
1203
1444
1202
1201
1442
1200
2531
1683
1441
2772
1208
1207
