908
2302
1110
1593
1228
1107
1
1106
2
3
4
5
1102
6
7
8
9
802
926
807
1484
2210
1000
1118
1112
814
817
1128
1006
1247
1244
1122
700
821
701
943
945
705
828
829
1143
1142
1261
951
1377
1013
1254
835
957
1151
1271
1028
960
1027
600
1266
602
723
725
605
968
606
849
609
1040
2128
972
731
1036
732
611
615
857
979
858
617
739
1055
1292
860
983
1169
621
863
984
503
987
504
626
869
627
506
507
628
1187
1185
1061
1180
510
511
1057
633
512
875
513
1056
635
637
517
639
519
1077
1075
2043
1074
1073
640
882
762
521
400
642
401
643
522
885
765
523
402
645
766
404
768
647
406
407
528
408
409
1081
650
530
651
894
531
775
413
534
1199
1078
415
657
658
416
537
417
538
539
781
420
300
542
422
301
543
785
302
665
544
423
303
787
666
424
545
1089
788
425
306
427
307
549
428
308
309
670
430
310
673
552
311
432
553
312
313
676
435
314
798
556
315
436
316
558
437
317
438
319
440
200
442
201
322
686
444
203
687
324
445
566
204
325
446
688
205
326
447
206
569
207
328
208
209
690
691
570
571
692
572
330
210
452
331
573
211
453
333
213
335
456
577
214
215
336
578
216
458
337
217
338
459
219
581
461
220
583
100
221
463
101
343
222
464
102
223
344
103
345
224
466
104
225
346
105
226
468
347
106
227
348
469
107
228
108
229
109
350
471
230
472
593
110
352
231
594
473
111
232
353
595
112
233
354
596
113
234
597
114
235
356
115
236
599
116
237
358
479
359
117
238
118
239
119
10
11
12
13
14
15
16
17
18
19
360
240
361
482
120
362
241
483
121
242
484
363
243
122
364
123
244
365
124
366
245
487
125
246
488
126
247
489
368
127
248
128
249
129
20
21
22
23
24
25
26
27
28
29
250
492
371
130
372
251
131
252
132
253
374
495
133
254
496
375
134
497
255
135
256
136
257
137
379
258
138
259
139
30
31
32
33
34
35
36
37
38
39
380
260
381
140
382
261
141
262
142
263
384
264
143
385
144
386
265
145
266
387
146
388
147
389
268
148
269
149
41
42
43
44
45
46
47
48
49
391
270
150
271
392
151
393
272
152
273
274
153
395
154
275
396
155
276
397
277
157
278
399
158
279
159
50
51
52
53
54
55
56
57
58
59
160
281
161
282
162
283
163
284
164
165
166
167
288
168
289
169
60
61
62
63
64
65
66
67
68
69
290
170
291
171
292
172
293
294
173
174
295
175
296
176
297
177
298
178
299
179
70
71
72
73
74
75
76
77
78
79
180
181
182
183
184
185
186
187
188
189
80
81
82
83
84
85
86
87
1603
88
89
190
191
192
193
194
195
196
197
198
199
90
91
92
93
94
95
96
97
98
99
1519
1417
1430
1450
