1341
2430
1340
2670
1581
1459
2427
1579
1458
1578
2667
1699
1336
2666
2301
2663
1332
1574
1210
1331
919
1110
2683
1230
1471
2559
1349
1
1106
2
2436
3
1346
4
1345
1224
5
6
2553
1343
7
2794
1342
8
9
923
926
807
2439
809
1242
2330
2572
1240
1481
2570
1480
1118
2325
1356
2324
1235
1355
1233
1475
810
932
935
937
819
2342
1132
1252
1493
1492
2581
2460
1129
1128
1248
1125
1488
2456
2212
1123
2696
942
1485
945
948
709
1385
2232
2594
2473
1142
1262
1382
1261
1140
2349
1259
2106
1017
1137
2347
1499
1257
1015
1135
1497
1255
2465
1376
2102
954
713
955
836
1033
1032
1153
2482
1030
2240
1150
2118
2117
1149
1028
1269
2237
2478
1268
1026
2477
1387
2113
1145
1386
965
725
967
847
726
849
609
2254
2253
2010
2491
1160
1039
970
850
972
2004
853
732
1034
976
977
856
858
979
2023
1055
1296
2264
2022
2263
1052
2141
2139
1049
2258
741
862
983
2257
863
622
864
1167
986
623
502
2013
744
2134
745
746
867
747
626
505
627
506
749
507
509
2034
2396
2274
2152
2273
1060
871
993
510
873
2147
511
1179
1058
633
2025
1057
1298
755
1177
1056
515
878
636
999
759
517
518
639
519
1190
1076
2283
1194
1193
1070
640
883
520
641
2038
400
522
1069
885
764
1189
645
2277
887
403
1188
646
404
647
406
529
1080
1088
2177
2056
2176
2297
2294
2172
890
892
410
532
654
412
897
655
656
414
899
658
538
539
419
2180
1099
2064
1095
780
1092
781
541
783
662
784
301
786
423
2059
545
424
2057
304
426
547
427
548
307
2070
2194
2071
672
794
310
433
796
312
434
435
557
316
558
438
559
439
2086
562
684
322
202
324
203
446
204
567
205
326
689
447
327
569
207
329
209
2093
692
451
693
331
694
452
453
211
212
333
454
214
335
579
458
218
339
582
220
583
342
222
585
101
344
465
102
587
224
104
588
226
105
348
107
108
229
109
590
470
592
351
594
473
111
353
595
233
112
476
355
477
598
114
599
115
358
359
118
239
10
11
12
13
14
15
16
17
19
360
241
484
121
242
243
364
123
244
486
124
487
245
246
125
489
247
127
248
128
1906
1903
1902
20
1901
21
22
23
24
25
26
27
28
29
370
250
493
251
373
494
252
253
254
255
498
257
378
138
139
1914
30
31
1912
32
33
35
36
37
38
140
382
141
262
385
264
144
265
145
146
148
1805
40
41
42
43
44
45
46
48
49
392
151
152
273
274
154
275
396
1931
398
277
278
157
279
1819
2906
1938
50
1937
51
2904
52
53
54
55
57
58
59
160
281
161
282
163
164
1943
166
1942
288
168
169
1709
1829
61
62
1947
63
64
65
2912
66
68
69
291
171
292
293
296
175
176
1833
177
2920
2809
71
2806
72
73
1713
76
78
79
180
182
183
184
188
189
1600
80
81
82
1728
84
85
1726
1845
88
89
192
194
195
198
199
1854
2700
1973
91
92
1619
2708
1618
95
1617
2705
96
1978
97
2825
98
1614
1735
99
2955
1503
1620
1509
1507
1749
1989
2715
1625
1877
1513
1755
2965
1510
1993
2961
1870
1519
1639
2847
1758
2725
1636
2734
1524
2975
2974
1885
1883
2970
2619
1529
2859
2617
2738
2616
1648
2858
1526
1768
1415
1655
2623
1776
1775
2864
2500
1774
1411
2983
2509
2628
1418
1417
2627
2506
2505
1658
2989
1305
2635
2755
1424
2633
2512
2754
2996
1422
2630
1661
1782
1309
1428
2637
2892
1440
1560
2770
2890
1315
1436
2646
1556
2645
2524
1555
2402
1675
1554
1312
2884
1553
1311
2642
2883
1551
2528
1439
2649
1438
1317
2406
2540
1572
1448
1206
2537
2416
2658
1205
1447
1689
2898
1566
1444
1443
1684
1200
2772
2530
903
904
1208
2418
