2792
2790
2305
2302
1455
1212
1694
2541
2307
2320
2560
1468
2557
2555
2796
2312
1221
802
804
806
1229
1000
2573
2572
2570
1237
1478
2325
1477
811
816
2583
2578
1246
1245
2576
821
1243
828
1009
2352
2592
1258
1015
1499
2104
1498
831
2343
834
837
838
2121
1030
1268
2357
841
2356
844
846
1283
2130
1281
1280
2129
2128
1279
2126
612
615
618
1294
2381
2139
1288
2377
2376
624
869
628
2397
2155
2154
3000
2152
2150
2390
1057
2388
877
637
2166
2163
1073
2159
403
887
2156
2398
404
405
647
406
407
408
1085
890
894
654
896
413
1079
898
417
419
1098
2185
1093
661
421
663
664
665
425
426
669
2198
2192
430
432
674
681
440
441
200
684
443
202
444
445
687
207
449
208
209
691
693
210
455
214
456
215
217
219
221
464
466
227
228
472
473
232
236
238
239
1909
1908
480
482
483
242
243
485
244
486
246
1919
492
493
497
256
499
260
261
262
263
264
265
266
267
1924
272
276
1934
284
285
286
289
1709
1708
1707
291
1954
2801
2800
1953
1710
1951
1718
1717
1715
2804
2803
2802
1963
2818
2816
2813
2820
1972
1990
1986
2833
1501
1741
1983
2830
1980
1508
2837
1505
2845
2602
2609
1519
2849
1517
1759
2848
2605
2846
2856
1524
1765
1522
1764
2611
1521
1761
1528
2870
1534
1531
2620
2626
2880
2878
1303
1545
1302
1785
1300
2872
1540
1307
2638
1560
1316
2888
1556
2645
1555
2644
1796
1795
2883
2641
1793
2649
1330
2661
1326
2899
2657
2898
2896
901
1581
2425
1335
2423
2662
911
2429
919
1352
1592
2681
2679
2437
1105
1102
1586
2433
1100
2673
928
2210
2693
2691
2690
1359
2687
2444
1112
2684
2463
1131
1372
2461
1370
2217
702
946
2219
1142
2473
1141
2230
950
2225
951
2466
2001
2241
2481
720
1146
1163
1162
2250
1160
1159
972
2004
2245
733
1397
2002
2244
739
2262
2261
740
2499
2257
2256
502
503
987
504
506
748
990
510
511
2268
2286
2042
1192
2281
1191
2279
523
2290
2296
2054
770
530
532
2049
535
537
779
2067
2061
780
541
784
301
544
303
545
2058
305
547
307
308
552
311
312
797
314
315
799
318
320
325
326
2090
570
330
331
336
338
100
103
104
347
107
349
108
109
591
351
352
112
354
598
116
359
121
122
123
365
124
370
130
132
375
376
137
379
138
34
38
1809
380
141
142
146
388
389
1806
1804
41
43
44
391
153
154
396
155
156
159
1818
1816
52
1814
2903
1813
54
160
161
162
165
2910
167
60
2915
65
2912
66
69
172
1833
1832
2920
71
2927
74
75
1835
182
2932
80
82
83
1849
2938
84
85
2936
86
2935
88
89
190
192
1611
2700
90
91
93
94
95
2706
96
97
2946
98
2945
99
1624
1865
2954
2712
2717
2959
2958
2957
1867
1880
1876
1632
2720
2960
1637
2726
2968
2967
1878
1890
1646
1888
2977
1402
1886
1644
2733
2732
2974
1641
1640
1407
2736
2983
2741
2982
1650
1892
2507
1417
2506
2748
2989
2760
2757
1666
2511
2995
1662
2518
1679
1437
2526
2768
2766
2523
2522
2520
2761
2782
1691
1205
1447
1688
1445
1202
2533
1442
1208
