2305
2789
2788
2302
1455
2541
2783
2307
2320
2561
2560
2316
2797
2796
1221
804
806
1229
1000
2573
2570
2328
1237
1478
2325
1477
811
816
2583
2578
2336
1246
1245
2576
828
1009
1020
2592
1258
1015
1499
2104
1498
838
2121
1030
2361
1268
841
2356
844
846
2374
1042
1283
2130
1281
1280
2128
1038
2369
1279
2126
615
618
2140
2381
1048
1288
2377
2376
869
628
2397
2155
3000
2152
2390
871
1057
877
637
2166
1073
640
2159
402
403
887
2398
404
647
407
1085
894
653
654
413
898
417
419
1098
2186
2185
1093
661
421
663
665
425
426
2198
430
432
674
681
440
441
200
684
443
202
445
687
204
447
207
208
691
693
455
697
214
456
215
219
221
466
228
473
474
234
236
238
239
1909
1908
482
242
243
485
244
486
246
1919
490
492
493
494
497
256
499
260
261
262
264
1924
1923
271
272
276
1934
286
289
1709
1707
1702
291
2800
1953
1710
1951
1718
1958
2804
2803
1963
2818
2816
2815
2813
1734
2820
1972
1990
1986
2833
1501
1741
2830
2837
1505
2836
1756
2845
1997
2609
1519
2849
1517
1759
1516
2605
2846
2856
1764
2611
1521
1520
1761
2870
2620
2626
1791
1303
1545
1302
1786
1785
1300
2872
1307
2638
1561
1556
2645
1555
2644
1796
1795
2884
1552
1794
2641
1793
2649
2661
1326
2899
2898
2896
2410
1581
2425
1335
1576
2421
2662
912
2429
919
1352
2683
1351
1592
2681
2679
2437
1105
1102
1100
2673
2693
2691
2690
1359
1117
1115
2446
2687
2444
1112
2684
2442
2463
1370
2217
2698
2695
702
1142
2473
1141
2230
2226
950
951
955
2001
2241
2238
2479
2478
720
1146
2011
1162
2250
1160
971
1159
972
2247
1398
2245
2487
733
1397
2002
2244
978
739
2262
2261
740
2016
2499
2257
502
987
504
748
2273
2270
511
2268
754
2267
756
2286
2042
2283
2038
2290
2054
2296
770
532
2049
535
537
779
2067
2061
780
541
783
784
301
544
303
545
2058
547
307
308
552
312
797
314
315
799
318
320
2090
2096
570
330
573
334
336
338
100
103
104
349
108
109
591
350
351
352
112
354
598
599
116
121
122
123
127
129
130
131
132
375
376
377
137
379
138
139
34
380
141
142
146
149
1806
1804
41
43
44
2909
391
153
154
396
156
159
1816
2905
2904
52
1814
1813
54
55
160
161
165
2910
167
60
2916
2915
65
1823
66
69
172
1833
2920
71
2927
74
2925
75
1835
181
182
2932
80
82
83
1849
2938
84
85
86
2935
2934
88
89
190
192
195
1855
1611
90
91
93
94
95
2706
96
97
2946
98
99
1624
2954
2712
2719
2717
2959
2716
2958
2957
1867
1880
1876
2720
1637
2726
2968
1878
2967
1890
1888
1646
2977
2976
1402
1886
2732
2974
1641
1640
1407
2736
2987
2983
2741
1892
2506
2748
2989
2760
1666
2995
1662
2518
1437
1679
2526
2768
1677
2766
2522
2520
2761
2782
1691
2537
1205
1688
1445
2776
2533
