1220
2790
1459
2304
2546
1698
1214
2787
1455
1695
1210
2783
2308
2549
1473
2562
2317
1
1227
2
2315
3
1225
1467
4
5
1463
8
800
9
801
808
1483
1480
2327
1479
1235
2324
1476
1475
1474
813
818
1011
1495
2100
1494
1008
2339
1248
2336
2578
1004
1246
2335
2577
1003
2576
1002
1486
1485
2332
2574
825
826
2111
2353
1021
2594
2352
2350
1260
2590
1259
1258
2105
1257
2588
1014
1256
2344
2102
2585
1496
833
834
835
836
2364
1274
2363
1031
2358
1026
2599
2114
1024
2355
1265
603
845
604
608
2375
1043
1285
1042
2371
1281
1039
1038
2127
2368
610
1036
2367
2124
2366
854
1034
613
855
856
2144
1296
2143
1295
2142
1052
2383
861
620
623
1045
625
626
627
629
2154
1064
2393
2392
2391
630
632
2147
2146
634
878
1077
2165
1075
2164
2163
1070
881
886
2157
646
888
409
1087
2176
2173
1083
2172
1082
2171
890
651
410
411
412
896
897
2168
2167
416
659
419
1099
1097
2181
660
423
424
2178
2190
2199
2196
2189
439
681
443
685
202
444
204
446
688
451
695
454
696
697
457
460
220
462
224
225
467
469
470
473
474
475
234
476
478
480
241
245
248
1901
1900
491
493
253
498
258
1915
1912
1920
267
268
269
1926
1925
1931
278
280
1701
1700
1948
1947
1703
1702
292
1712
2801
298
2808
2807
1717
2806
1958
1957
1713
1955
1964
1722
2811
1721
1962
2819
1729
2817
1969
1725
2822
1974
1731
1971
2829
1738
1737
2826
1736
2825
1735
2824
1987
1502
2832
1500
1740
1981
2839
1747
2836
1746
1756
2603
1996
2843
1752
1751
1750
1991
2608
1758
2847
1757
2604
2614
1767
2613
2612
1522
2853
1762
1761
1760
2618
2617
1769
2616
2615
2857
1780
2625
1777
2866
1775
2622
2621
2861
2628
2869
1537
1550
2881
1790
1305
1788
2877
1787
2634
2875
1543
1301
2631
1783
2871
1549
1306
2650
2890
2405
2647
2889
1315
1557
2404
1314
2645
2887
1555
2886
1796
2401
2885
1795
2642
2884
2640
1319
2407
2649
2660
1566
2655
2897
2654
2895
2652
2894
1320
905
2659
908
2430
2672
1340
2670
1337
1577
2666
1333
2422
2663
913
2429
1352
2441
2683
1351
1350
2438
1589
1347
2678
2435
1587
1344
1343
2674
2673
921
927
2693
2450
2207
2449
1117
2447
1599
2688
2203
2202
930
2685
931
1595
1353
2684
933
936
937
1374
1131
2462
2461
2460
2459
1369
2458
1126
2215
1367
2456
940
2213
2697
941
2454
2212
1364
2211
703
705
709
1385
2231
2472
1382
2471
1139
2228
2227
2469
1379
2468
1136
2467
2224
952
711
2464
712
713
716
717
959
718
1396
2243
2001
2000
1394
2483
2482
2479
1147
721
722
1144
2475
725
967
2012
1164
2253
2495
2493
2008
2249
2489
973
1399
1156
733
1155
2244
977
736
978
738
2022
1171
2259
2017
741
2015
1167
2497
508
2034
2276
2275
2273
2031
2271
991
2028
752
512
754
996
2266
514
515
758
759
519
1197
2044
1194
2041
2283
2040
1192
2281
2280
761
520
763
522
766
767
526
769
528
529
2295
2052
2050
531
773
778
779
538
2066
2062
782
304
2299
549
309
2078
2074
791
550
551
793
310
794
795
554
559
318
319
2080
2083
560
2082
562
321
563
322
327
2092
2098
2093
333
335
336
580
340
341
342
101
102
344
586
587
105
589
593
353
112
355
356
13
16
17
18
19
360
121
365
367
129
20
21
22
25
371
133
30
36
38
383
145
1807
40
42
47
49
392
394
153
395
2900
157
158
1819
2908
1817
2906
50
1815
2904
53
2902
57
58
164
1820
2919
1829
1826
68
170
175
176
2922
1832
179
1830
70
2929
1839
2928
72
2926
74
2925
184
1602
1600
1842
2930
82
1607
2937
1604
2934
196
197
1613
2701
2943
1853
2941
1619
2948
2705
1616
2947
2704
2703
1866
1623
1864
2710
2952
1862
2951
1629
1628
1869
1635
2966
2722
1874
2721
1872
1638
1891
2734
2976
2975
1885
1406
2978
1660
2991
1415
2746
1414
2503
2745
1897
1412
1896
2501
1895
2984
1894
2740
2981
2509
2508
1418
2749
2505
2999
2514
1667
2756
2997
2513
2512
1664
2994
2993
2519
1427
1669
2516
2758
1682
2771
2770
1680
1436
1435
2761
2527
1451
2540
1206
2779
1447
1446
2534
2775
1201
2531
2773
2772
2538
