2791
2305
2789
1457
1455
1697
2544
1211
1695
1452
1694
2541
2307
1231
1230
1468
1466
2555
2797
2796
2312
802
804
806
809
1484
1000
2331
2572
2571
1237
2568
1478
1477
2566
811
816
1494
2583
1493
2579
2578
1245
821
1243
1009
2592
1018
1258
1015
2104
2587
2586
2101
834
1273
1030
2361
2360
1027
1268
841
2356
601
844
846
1044
2132
1284
1283
2372
1280
2129
2128
1279
1036
612
615
618
1295
1294
2382
2140
2381
1291
2139
1048
1288
2377
2376
869
2397
2155
2154
3000
2390
2149
1057
2388
635
637
2166
2163
1073
882
884
401
1069
402
1068
887
2156
404
647
406
407
408
1085
894
653
654
413
898
415
658
419
1098
2186
2185
2184
1093
2182
661
420
663
664
665
425
669
2198
670
430
674
435
439
681
440
200
684
445
687
204
206
207
449
208
209
455
214
217
219
221
466
225
228
472
232
236
1909
1908
480
240
483
242
244
486
249
1901
1919
490
492
251
493
497
256
499
261
262
263
264
266
1924
1922
271
272
274
1933
280
285
286
288
1941
1709
1707
291
1954
2800
1953
1951
2809
1719
1718
1717
1715
2803
1965
2812
1963
1720
2818
2816
2815
1976
1733
2820
1972
2829
2825
1990
1987
1986
2833
1501
1741
1983
1508
2837
1505
2845
2602
2842
1510
2609
2849
1517
1759
2848
2856
1764
1521
1761
2615
1781
2870
2624
1534
1531
2860
1538
2880
2878
1303
1545
1302
2633
1785
1300
2872
1782
1540
1309
1307
2638
1560
1799
2888
1556
1798
1312
2883
1552
2641
1793
2640
2407
2649
1330
1571
1326
2899
2657
2896
2411
2410
901
908
909
1583
2426
1336
2425
1335
2424
1576
2423
2662
911
919
1352
1592
2681
2680
2437
1105
2676
1102
1586
1100
2673
928
2690
1359
2448
1115
2444
1112
1596
1595
2442
1119
2463
1368
2699
2695
702
946
2219
1142
1141
2230
2472
1140
950
951
1134
2465
955
956
2001
2241
1390
2238
1147
1389
2236
2478
720
2233
965
968
729
1163
1162
1160
971
1159
972
2004
2487
1397
2002
739
2262
1172
2261
740
2015
2257
2499
2256
502
2255
987
504
506
2274
2030
1182
990
751
2268
2267
997
2286
1192
1191
761
2279
523
1188
528
2290
2296
2295
2293
770
530
532
533
535
2046
779
2067
2061
780
541
784
786
545
305
547
307
308
2076
552
797
799
558
561
320
330
331
576
338
580
100
103
107
349
108
109
591
351
110
352
598
599
116
359
118
121
122
124
370
130
372
131
132
375
376
377
136
137
379
138
139
34
1809
380
141
142
389
41
43
44
391
150
151
153
154
396
2900
155
156
2908
1818
1816
2904
52
1814
54
2901
55
160
161
162
1822
166
2910
167
168
60
65
2912
66
69
170
171
1832
2920
71
2927
74
2925
75
1835
77
78
79
2933
2931
83
1849
2938
84
85
1847
2936
86
1604
2935
87
1603
88
89
192
1855
1611
2942
1851
90
91
94
95
2706
96
97
2946
98
1856
2945
99
1865
2712
2954
1863
2710
2719
2717
2716
2958
2957
1867
1880
1876
2964
1632
2720
1637
2967
1878
1890
1646
2977
1402
1886
2732
2974
1641
1640
1881
1407
2736
1656
2987
1413
2741
1650
1892
2508
1659
2506
2989
2760
1668
2757
2999
1666
1665
2995
1662
2518
1679
1437
2768
2767
2522
2769
2782
1450
1691
1447
1688
1445
2533
1442
1200
1441
2772
1208
