2302
910
1110
1594
1593
1
1106
2
3
4
2313
5
1102
6
1585
7
1584
8
9
922
802
807
809
1484
1358
817
819
1011
2580
1006
1244
1365
821
701
945
827
1264
1143
1261
1017
1016
951
1498
1014
1013
835
1033
2241
1269
960
840
1266
600
601
602
723
725
968
605
606
849
609
1044
1037
731
2125
732
974
615
858
617
739
1053
1292
1169
863
621
984
1047
503
866
504
988
748
627
507
628
1061
1180
992
872
510
511
512
1057
633
875
513
635
637
517
639
519
1077
2043
1075
1074
1073
1193
640
882
762
641
521
400
642
522
401
885
643
765
523
402
645
766
404
646
647
406
528
407
408
409
650
530
651
894
531
411
775
413
534
2168
655
415
657
416
658
417
539
1097
780
420
300
542
422
543
301
665
302
544
303
787
424
545
666
1089
788
425
306
427
307
428
549
308
309
430
310
673
432
553
311
312
313
676
435
556
314
436
315
557
316
437
558
317
438
319
440
441
200
442
322
201
686
444
203
324
445
687
566
325
204
446
688
326
205
447
206
327
569
207
328
208
209
691
570
571
572
330
210
331
573
452
211
453
333
454
213
456
335
577
214
215
336
216
337
458
217
459
338
219
581
461
220
583
100
221
463
101
343
222
464
102
223
344
103
466
224
345
104
225
346
105
226
468
347
589
106
227
469
348
107
228
108
229
109
590
350
471
230
472
110
231
352
473
594
111
232
353
595
112
233
354
596
113
234
597
114
235
356
115
236
599
116
358
479
237
359
238
117
239
118
119
10
11
12
13
14
15
16
17
18
19
360
240
361
482
120
362
241
483
121
242
363
484
364
122
243
123
365
244
124
366
487
245
125
246
488
126
247
489
368
127
248
128
249
129
20
21
22
23
24
25
26
27
28
29
250
371
492
130
372
251
131
252
253
132
374
495
133
496
254
375
134
255
497
256
135
257
136
137
258
379
138
259
139
30
31
32
33
34
35
36
37
38
39
380
260
381
140
382
261
262
141
263
142
384
143
264
385
144
265
386
266
145
387
146
388
147
268
389
148
269
149
41
42
43
44
45
46
47
48
49
391
270
150
271
392
272
151
393
152
273
274
153
395
154
275
396
155
397
276
277
278
157
399
158
279
159
50
51
52
53
54
55
56
57
58
59
160
281
161
282
162
283
163
284
164
165
166
167
288
168
289
169
60
61
62
63
64
65
66
67
68
69
290
291
170
171
292
293
172
294
173
174
295
175
296
297
176
177
298
178
299
179
70
1719
71
72
73
74
75
76
77
78
79
180
181
182
183
184
185
186
187
188
189
80
81
82
83
84
85
86
87
88
89
190
191
192
193
194
195
196
197
198
199
90
91
92
93
94
95
96
97
98
99
1629
1633
1519
2862
2629
1787
1663
1420
1681
1431
2781
1325
1200
903
