1341
2671
1340
1461
2791
1338
2305
1578
1213
2544
2786
2422
2301
2300
1573
913
915
916
1218
2549
1352
2682
2560
1
1106
1227
2
1226
1105
2435
4
1345
1344
1102
2433
6
2553
1585
1343
7
2431
1463
2673
800
9
804
926
927
2319
928
1229
1120
2571
2207
2689
1358
2447
1237
1235
1598
2442
1232
811
938
2208
819
1373
1010
1130
2460
1370
2339
2699
2333
700
822
701
702
705
829
709
2111
1021
2473
2231
2230
1381
2470
2590
1139
2107
1017
1257
2588
1499
1136
1377
2103
1498
1014
1013
832
711
2343
713
716
837
959
839
718
2243
2241
2362
1152
1030
1390
2359
1028
2116
1147
1388
2598
1267
842
721
843
2233
602
965
844
845
846
967
725
726
968
849
608
1286
1164
2494
2251
1040
1161
1160
2008
2007
1038
971
2248
1279
1036
2124
1156
853
1035
733
2244
1397
855
976
613
977
614
737
617
618
1055
2143
1296
1175
1173
1051
2261
1292
2380
2018
2379
2016
742
984
2257
2498
501
985
744
2134
504
867
989
747
505
506
628
507
1063
1184
1061
1180
871
750
2029
992
993
2026
1299
996
754
1178
2145
876
638
518
519
1190
1197
1075
1196
2164
1194
2040
1072
2281
2160
1070
2280
520
2038
521
400
884
642
1069
643
522
644
1189
523
766
403
645
404
889
526
527
529
1088
2177
2176
2175
2053
2171
893
773
894
411
532
533
775
534
656
778
537
416
659
419
1091
1090
2188
1092
2060
420
784
664
785
543
302
303
304
2299
426
427
669
307
308
309
2070
2074
792
310
673
797
435
677
799
2068
436
316
317
439
319
2088
680
682
320
562
200
443
565
686
202
203
324
325
446
689
447
205
206
207
329
208
209
690
450
451
330
572
694
332
211
695
696
213
335
456
578
337
458
338
459
218
219
580
460
461
582
462
583
100
342
222
101
343
464
102
344
103
104
225
467
226
347
468
106
469
228
349
107
108
590
592
471
231
110
353
232
475
112
354
355
598
235
356
236
478
115
358
118
10
11
13
14
15
16
17
18
480
482
240
483
241
120
484
242
121
485
364
122
365
486
488
125
126
489
368
248
127
249
129
20
21
22
23
24
25
26
27
28
29
370
250
130
132
496
133
134
255
136
258
1916
1914
30
31
32
33
34
35
36
37
39
260
140
141
384
143
264
1800
144
265
1920
145
267
147
268
389
269
149
1805
40
41
1923
42
43
44
45
47
48
49
390
391
271
152
274
153
154
1932
2900
277
156
398
157
278
158
279
2907
2906
50
51
52
54
55
56
57
281
282
162
285
165
1943
1822
2911
286
166
2910
287
1942
1941
288
1940
169
1704
64
65
1702
66
67
68
69
290
170
291
172
293
174
295
296
1953
177
1832
1952
2920
299
1710
179
70
71
72
1838
74
75
1835
2924
1955
76
1834
77
78
79
180
183
184
185
186
188
1722
1843
81
82
1729
1607
83
84
1606
1727
85
1605
1726
86
1604
87
1845
88
89
191
192
193
2940
90
91
92
93
94
2828
95
96
97
98
1856
99
1503
2953
1984
2952
1621
1509
2958
1505
1755
1633
1993
2961
1870
2729
1999
1757
1891
2856
1888
2975
2973
2610
1642
1884
2619
1408
2618
2859
2616
1768
2736
1781
2865
1655
2620
1667
1666
2754
1543
1785
2995
2752
2631
1542
1783
1782
1309
2639
1429
1681
1316
2647
1437
1435
1314
2645
1555
2886
1797
2643
1674
1311
2761
1551
1319
1571
1691
2780
1327
1206
1205
1689
1326
2536
2535
2896
1685
2895
2894
2531
2652
1442
1320
1562
902
1209
2418
1208
906
2538
