907
1216
1578
1574
915
916
1
2
3
4
5
6
7
8
800
921
9
803
924
927
1242
1483
2322
1354
932
812
936
1011
1252
1008
1248
1126
1005
1367
1003
1123
1365
700
944
825
707
1264
1021
1017
1379
1137
710
711
953
832
954
713
958
718
839
1153
1031
840
600
721
963
722
964
843
1265
603
604
727
606
607
728
608
1038
851
730
610
1035
854
613
734
855
735
617
738
619
1054
1049
982
983
500
863
742
501
985
623
865
986
867
988
747
868
627
749
508
629
509
1187
1064
1060
750
753
632
874
511
633
875
755
513
634
876
514
998
756
877
517
518
641
883
400
521
764
643
885
1189
403
524
1067
767
525
646
768
526
406
648
649
1080
892
650
893
410
531
652
411
532
412
534
897
536
778
416
417
418
419
1095
540
662
783
542
301
543
422
302
303
304
546
788
668
426
789
306
548
790
792
430
672
310
431
311
553
432
312
433
675
796
313
555
557
436
437
316
679
438
559
317
318
439
440
682
562
683
200
321
442
563
201
564
685
443
202
323
444
565
203
324
446
204
567
205
326
689
447
568
206
207
449
208
329
209
450
451
210
452
211
453
212
333
454
213
455
214
335
456
215
336
457
699
216
337
579
458
217
459
338
218
339
219
461
582
220
341
100
463
221
342
101
222
343
585
102
223
344
586
103
224
345
466
104
225
588
105
226
589
347
468
106
227
469
107
228
108
229
109
590
592
471
230
351
110
231
473
594
111
232
353
112
233
596
113
234
355
597
476
114
235
477
356
115
357
478
599
116
237
358
117
238
359
118
239
119
10
11
12
13
14
15
16
17
18
19
360
361
482
120
241
362
121
242
484
363
122
243
364
485
123
365
244
124
245
366
125
246
367
126
247
489
127
248
369
128
249
129
20
21
22
23
24
25
26
27
28
29
490
250
130
251
493
131
252
494
132
133
254
496
375
134
255
135
377
498
136
257
137
258
379
138
259
139
30
31
32
33
34
35
36
37
38
39
380
260
381
140
261
141
262
142
384
263
143
385
144
145
387
146
267
388
147
268
148
269
149
40
41
42
43
44
45
46
47
48
49
391
150
271
392
151
272
152
153
274
154
275
155
276
397
277
156
398
278
157
158
279
159
50
51
52
53
54
55
56
57
58
59
280
281
161
282
162
283
163
284
164
285
165
286
166
287
1942
167
288
168
289
169
60
61
62
63
64
65
66
67
68
69
290
170
291
171
292
172
293
173
294
174
295
175
296
176
297
177
298
178
299
179
70
71
72
73
74
75
76
77
78
79
180
181
182
183
185
186
187
188
189
80
81
82
83
84
85
86
87
88
89
190
192
193
194
195
196
197
198
199
90
91
92
93
94
95
96
97
98
99
1755
1887
1774
1411
1305
1554
1439
1206
1201
900
