2551
1461
2550
2792
1460
2306
1216
1699
2545
2302
1212
1696
2301
1453
2309
1219
1218
2549
2320
1471
2560
1470
1469
2316
1226
1225
2556
2314
2313
1465
1222
2795
2553
1221
2310
803
807
1229
2573
2330
1240
2569
2326
2325
2323
2565
2322
810
2563
814
815
817
819
1011
1253
2584
1010
2341
1251
2582
1492
2581
1250
2580
1490
2337
1244
2333
824
827
828
829
1264
1263
2110
1262
1261
2107
1017
2106
1016
2589
2347
1499
2588
830
1014
2345
1013
2102
1012
2343
833
835
836
839
2121
2120
2362
1272
1271
1270
2119
1029
2118
1028
2359
2117
1269
2116
2115
2357
2599
1025
1267
600
842
2597
843
2112
602
845
606
848
607
609
2133
1043
2131
2373
1041
2130
1282
2370
850
1038
2369
851
2126
1278
2125
611
853
1277
1276
855
614
857
616
617
2386
1054
1053
1051
1292
1050
1290
860
2138
862
620
2378
867
1066
1065
2153
1063
2152
2394
1062
1061
870
871
872
873
2148
874
1058
2389
633
875
876
1056
1298
877
636
879
1076
641
400
642
2159
643
885
644
2157
2399
403
645
1067
648
649
409
1080
1086
2175
1081
891
893
1079
414
656
1078
2167
657
899
417
418
1091
1090
2188
2187
1097
1094
2183
662
421
1089
667
668
426
428
429
2196
2195
2194
2193
431
673
675
676
677
436
679
442
686
446
447
689
448
692
693
210
452
694
211
453
456
215
699
216
458
218
461
464
223
465
226
227
229
230
231
233
476
235
477
237
239
481
482
484
487
246
488
247
489
248
1906
1903
1902
250
495
1910
254
496
255
259
1918
1917
1911
265
1920
269
1927
1925
1932
277
1930
279
1937
1935
1934
281
282
1701
1943
287
1940
1708
1705
1704
1703
1945
1944
293
297
1952
1950
1714
2802
1723
1961
1960
1728
1727
1726
1725
2813
1724
2823
1975
1973
1739
2828
2834
1744
1743
1985
1742
1984
1509
1749
1507
1748
1504
1755
1512
1754
1753
2600
1995
2841
1993
2840
1992
1519
1518
2605
1515
1999
1525
1524
2612
2611
2610
1520
2850
1529
2616
1526
1768
1536
1535
2623
1533
1532
1530
1772
2627
2868
1779
1792
1791
1547
1789
2636
1546
1544
1786
2874
1542
1784
2630
1308
2639
2879
1561
2892
2891
1558
2647
2403
1313
2643
2885
2401
1311
2400
1553
2409
1559
2648
2406
1572
1570
1569
1327
2416
1568
1567
2414
2898
1565
1323
1322
1564
2653
2895
1321
1320
900
902
903
904
906
2659
907
1341
1340
1582
2671
1581
2427
2669
1579
2668
1578
1575
2664
1573
1331
2420
913
914
1110
2441
1593
1351
2440
1591
1590
1349
1106
1348
2679
1347
1346
2677
1103
2434
2675
2433
1585
2432
1101
920
2431
923
925
926
1109
1108
1121
1363
2210
1362
2451
1361
2450
2207
2205
1114
2687
1113
1355
1597
1354
2201
1111
932
934
938
2208
1132
1373
2220
1130
1372
1129
2218
1128
1127
2216
2457
2214
1124
1366
2697
1123
942
944
945
704
947
706
948
949
708
1143
1385
1384
1383
2471
1380
2229
1138
1379
1137
2226
2225
1135
1377
710
2223
953
1133
2222
957
719
1154
2243
1152
1151
1393
1392
2480
1391
960
2237
1388
2235
1387
2476
964
723
726
728
1165
2496
2011
2252
2251
1161
2492
2490
2009
970
2007
730
1158
731
1156
2245
2486
976
737
2023
1175
2263
2260
1170
2019
2018
983
1169
2016
984
742
501
985
2014
2498
986
2497
503
989
748
507
509
2276
2275
1186
2033
1185
1184
1183
2272
1181
2270
1180
992
510
2027
2269
511
1179
512
1178
2025
513
755
2024
756
998
515
516
517
1190
1198
2045
1196
1195
760
2039
521
1189
524
2277
2035
767
2055
2297
2053
2051
2292
2291
771
775
2048
2047
2289
777
536
539
2065
2064
2063
542
543
785
302
2059
303
2057
789
2075
2073
790
2072
2071
311
312
555
314
557
2068
317
2081
2080
2089
2088
2087
2086
2085
2084
562
321
323
565
566
326
569
2091
2099
2097
570
571
572
332
574
575
577
337
579
582
583
584
343
588
589
106
348
590
592
594
354
114
361
127
128
373
378
382
143
385
144
386
388
149
1808
1807
1806
1805
1804
1802
1810
398
2907
2905
1812
2919
1828
2916
1827
1825
1824
1823
174
2929
73
2926
2924
1834
183
185
186
1601
1843
1840
81
1848
1846
1845
191
193
194
195
1612
2700
1853
1852
1850
92
93
2708
1618
2707
1617
1858
2705
1857
1614
1624
2955
1866
2713
1622
2951
1861
1629
2715
2956
1875
1631
1871
1870
2729
1639
2728
1638
1879
1636
2725
1404
1887
1403
2975
1644
1401
1400
1882
2970
1409
1408
2739
1649
1648
2737
1405
1889
1647
1660
2990
1657
1899
2504
2501
1653
1893
2748
1658
1416
2505
1671
1670
2515
1424
2997
1423
1422
2511
1421
1663
1420
2750
1428
2517
1427
1681
2770
1680
1678
1677
2524
1434
1676
2765
1433
1432
2521
1674
1431
2762
2520
2529
2528
1438
1693
1692
2781
2780
1448
1205
1689
1204
2535
2776
1685
1443
1209
