909
1336
1332
917
1
2
3
4
5
6
7
8
9
801
804
806
928
807
808
929
809
1116
1236
1235
931
811
936
937
818
939
1125
1364
822
823
703
704
1009
1022
1019
1139
1018
1498
1256
831
711
832
954
834
714
716
838
717
719
1153
1147
1026
842
1145
1023
844
965
603
724
605
607
972
610
732
853
1034
733
854
736
861
620
1168
622
864
744
745
504
746
505
507
629
630
752
996
1057
513
514
516
518
639
519
640
761
520
521
401
522
402
645
405
647
526
406
769
528
407
529
408
1083
890
530
772
531
894
773
411
774
653
895
533
412
654
534
413
897
776
535
2046
777
417
659
418
419
1093
660
782
661
420
662
300
421
784
301
422
302
423
544
786
665
303
304
425
546
305
426
306
427
669
548
307
428
308
429
309
670
671
550
551
672
310
431
432
795
312
313
797
555
434
314
315
436
678
316
437
438
317
559
439
560
561
682
320
441
200
442
201
322
443
202
323
565
203
324
204
325
688
567
205
327
206
207
328
208
209
570
450
330
451
572
693
331
695
453
574
333
212
696
213
334
576
697
214
335
456
336
215
457
216
458
579
217
459
338
339
218
219
581
460
340
220
341
462
100
221
342
101
222
343
102
223
586
465
103
345
466
224
104
225
346
105
347
226
468
106
107
228
349
108
229
109
470
350
230
351
593
472
110
231
352
473
111
232
595
112
233
354
113
234
597
355
114
235
356
115
236
478
599
357
116
358
237
479
117
238
359
118
239
119
10
11
12
13
14
15
16
17
18
19
480
360
481
240
120
241
362
121
242
363
122
243
123
244
365
486
124
245
125
246
367
488
126
247
489
127
248
369
128
249
129
20
21
22
23
24
25
26
27
28
29
370
491
250
492
371
130
251
131
252
494
132
253
133
375
254
496
134
497
255
135
256
377
498
136
257
499
378
137
258
379
138
139
30
31
32
33
34
35
36
37
38
39
380
381
140
261
141
262
383
142
263
384
143
385
144
265
386
145
266
146
267
388
147
389
268
148
269
149
40
41
42
43
44
45
46
47
48
49
390
270
391
150
271
392
151
393
272
152
273
153
274
395
154
275
396
155
276
397
156
398
277
157
278
158
279
159
50
51
52
53
54
55
56
57
58
59
280
160
161
282
162
283
284
163
164
165
286
166
167
288
168
289
169
60
1949
61
62
63
64
65
66
67
68
69
290
170
291
171
292
172
293
173
174
295
175
296
176
297
177
178
299
179
70
71
72
73
74
75
76
77
78
79
180
181
182
183
184
185
186
187
188
1722
189
1842
1600
80
81
82
83
84
85
86
87
88
89
190
191
192
193
194
195
196
197
198
199
90
91
92
93
94
95
96
97
98
99
1745
1506
1634
1413
1411
1418
1782
1325
1203
901
905
1207
