1462
2793
1580
1217
2548
1458
2547
2303
2666
1334
2665
2786
1454
2785
1332
2421
2542
910
912
916
917
1339
2428
1594
1228
1107
2559
2558
2799
2436
2678
2557
1104
1588
2798
1224
1345
1223
2554
6
1464
2311
7
1463
1584
2794
2552
805
2319
2318
2439
929
2694
2452
1120
2692
1360
2691
1118
2328
1239
2449
1238
2206
1358
2447
1236
2567
2446
1356
2203
2445
1234
2686
1233
2443
2564
2200
812
935
2209
2329
2221
2342
1252
1371
1491
1249
1007
2217
1006
1005
1125
1488
1004
2698
2455
1487
2334
1365
2696
2575
700
1001
1122
2453
701
943
823
825
705
1022
2474
2595
1021
1020
2593
2351
1381
2591
2108
2349
2348
1136
2346
2103
1498
2466
831
1497
1255
1376
832
1254
1375
1496
954
714
837
2109
1033
1275
2122
2485
1153
1395
2484
2240
1150
2481
1149
840
962
2477
2598
1145
1266
2234
1386
1023
2354
724
966
605
727
969
849
2254
1285
2010
2494
1040
2250
2491
2006
2248
1037
1157
852
2246
2488
732
974
1398
2003
975
2365
2123
734
978
858
979
859
619
1055
1176
1296
2021
1173
2020
2141
1293
980
981
1049
2258
2379
2137
500
621
863
1047
1289
2136
622
743
864
1046
2135
865
744
1166
1287
2134
2013
745
866
988
505
627
628
749
1187
2032
2395
2151
2150
1060
750
2029
993
2028
631
994
1059
753
995
1299
1177
2145
2387
999
639
2287
2044
2043
2285
1074
2284
2042
2162
2283
1072
1193
2282
1071
2160
640
762
883
2038
2037
2158
765
2278
2036
2398
525
768
889
527
1088
2056
1084
2294
2170
892
650
772
773
774
895
2049
2169
534
655
776
1199
2288
1096
1095
1092
781
783
300
422
301
666
787
788
306
427
2191
2078
2077
792
671
672
432
433
796
313
556
798
2069
315
678
437
316
438
560
683
201
564
203
324
325
567
205
2079
328
329
2098
2096
690
2095
2094
213
339
581
220
463
222
585
345
104
346
105
468
469
350
471
111
595
113
234
597
115
357
358
479
117
238
119
10
11
12
14
15
360
120
362
364
366
125
126
368
369
1907
1905
1904
23
24
26
27
28
29
252
494
374
135
1916
1914
1913
31
32
33
37
39
260
381
140
1800
145
387
146
147
148
1929
1928
1801
45
46
48
2909
390
270
392
393
152
273
275
276
397
399
159
1939
1817
51
1936
56
59
283
163
284
2911
1821
169
2918
1949
2917
61
1706
62
63
1946
2914
64
67
290
173
294
295
296
177
298
1711
2921
178
299
1831
1959
1837
2805
1716
76
1955
181
182
1844
188
2932
189
1600
1842
2810
1841
80
1609
2939
1606
1605
1968
1966
2702
2944
199
1854
2822
2701
2821
1732
1610
1730
2940
2709
1859
1979
2947
1978
1977
1745
1503
1623
2711
2831
1621
1500
1620
2950
1860
2718
2838
1627
1747
1988
2835
1514
1877
1998
2724
1634
1513
1997
2965
1633
1511
2963
1873
1994
2962
1630
2961
2607
2606
2727
2969
1516
2726
2968
2846
1770
2980
2735
1888
1766
2855
1523
1765
2854
1643
1884
2731
2852
2851
1883
2730
2972
2971
2619
2738
2859
2858
2979
2625
1778
2867
1777
1898
1655
1776
2986
2865
2744
2743
2864
2985
1774
1411
2500
2742
2863
1410
1652
2862
2983
1651
2982
1771
1419
2629
1539
1417
1537
2626
2747
1426
1425
1304
2998
2635
2756
2755
2754
2632
2753
2510
2752
2873
1541
2751
1661
2992
2759
2637
1440
1316
2525
2766
2402
1797
2523
1554
1675
2764
2763
1310
1673
1794
1430
1551
2408
1439
1318
1317
2661
1690
2537
2658
2778
2536
1325
2656
2777
2413
2534
1686
1444
1202
1201
2532
2774
1563
1684
1683
2651
2419
1329
2418
2539
1328
1449
