1462
2672
2791
1580
1459
2548
2669
1458
2789
1215
2303
2666
2787
1334
1576
1454
1575
2543
2785
1332
1452
2541
2662
910
912
914
915
916
917
1339
2428
2562
1594
2683
2682
2440
2680
1590
1228
1107
2438
2317
2559
2558
2437
2679
2436
2799
2557
1588
2798
1224
1345
2313
5
1102
1223
2554
6
1101
7
1342
1463
1584
2552
802
803
924
805
806
2319
2439
929
1484
2452
1482
1360
2328
1239
2207
1117
2448
1479
1358
1236
1599
1478
2567
1356
2445
2203
2687
2686
2444
2443
2564
1353
2200
2684
2563
2442
811
939
2329
2342
1252
2341
1371
2581
1490
2339
1007
1249
1006
1127
1005
1125
1488
2456
1366
2455
1365
2696
1001
2453
2574
701
823
945
825
704
948
828
1022
2111
2474
2593
2592
1260
1381
2591
2108
2348
2347
2225
1256
2103
2466
710
831
1497
1255
2344
1254
832
953
1496
2222
954
714
1275
2122
1153
2242
2484
1031
2483
2240
2481
1029
1149
2358
840
962
2598
1267
2477
2235
721
1145
1387
1023
2354
1386
2112
603
724
604
968
847
728
1285
2253
2011
2132
1163
2373
2010
2493
2371
2491
1039
851
731
852
1157
2488
2246
1035
732
974
1156
2003
734
735
857
859
1055
1176
1296
2021
1173
2140
1292
2260
2017
2258
2137
2379
500
1047
2257
2136
622
1046
864
2014
2135
623
865
744
2134
1166
1287
2013
745
866
988
505
626
748
629
2396
2154
1183
2030
1182
1060
871
993
2028
631
994
1059
2148
995
2268
1299
2025
2146
513
999
639
1198
2287
2284
2042
2162
1072
1193
1071
640
762
885
1069
2037
1189
886
2036
2398
525
405
889
406
408
529
2056
2297
1084
2294
2293
1082
2170
770
772
531
773
895
774
2049
2169
534
655
776
1199
658
1096
1095
2061
1092
781
783
300
422
303
545
2178
427
2191
2077
2075
2196
790
672
432
434
2069
315
316
2089
560
683
442
201
203
324
688
567
205
2092
2097
2096
2095
693
333
213
577
217
459
339
581
220
222
464
585
104
346
468
106
109
350
592
231
232
595
113
597
599
358
479
238
10
12
14
15
480
240
362
365
125
367
126
368
369
129
23
24
26
27
28
29
252
494
377
257
1916
1915
31
1912
32
33
37
39
380
381
1800
1921
146
389
148
1929
1928
43
1801
1922
45
46
2909
390
391
392
151
393
152
273
277
279
159
1939
2907
1936
2904
55
56
59
163
284
1821
2918
2917
61
62
2915
63
1946
2914
64
1824
290
171
293
294
174
296
176
1954
177
298
1711
2921
178
299
1831
179
1717
1959
1837
1716
1836
76
1955
181
183
186
1844
188
1722
1600
2931
80
1609
2817
1606
1726
1968
1604
1967
192
198
2702
199
1854
2822
1611
2821
1732
1610
1730
2940
1972
2709
2707
2949
1859
1978
1857
2824
2834
1623
2711
1863
2952
1980
2718
1507
2716
2957
1989
1504
1988
2956
1877
1514
1998
2845
2964
2962
1630
2961
1871
2607
2606
1758
1637
1878
1770
2980
1888
2854
1643
2974
1884
2731
2852
1641
2851
2972
2971
2979
1526
2990
2625
2867
1778
2988
1777
1776
2986
2744
2500
1532
2621
1410
2862
1652
1530
1651
1771
1892
2860
2629
2747
2626
1426
2515
1668
1788
2514
2998
1666
1665
1302
2754
1301
2753
1541
2630
2751
1661
2871
2637
1440
2771
2891
2768
1557
1436
2525
1677
2766
2765
2886
1554
1675
2401
2764
2400
2642
1310
2762
2883
1672
1551
2408
1559
1317
2406
2769
2780
2537
2658
2535
2656
2777
2413
1686
1444
2654
1201
1564
2411
2653
1200
2531
2410
1563
1683
2772
902
2419
905
1329
1207
1328
