909
2793
2550
2791
1580
1217
1459
1338
2548
1458
2547
2426
1336
1215
2667
2788
1456
2303
2787
1334
1576
2665
2786
2543
2301
2785
1574
1332
2421
2542
2784
910
912
915
917
1339
2428
1594
1470
2680
1107
1228
2559
2799
1104
2798
1588
1224
1345
2797
2676
1223
2675
2554
6
1464
2795
2311
7
1342
1584
2552
803
805
2319
2318
2439
929
1484
1120
1482
2692
2571
1360
1239
2328
1238
2448
1358
1116
1236
2204
2567
2688
2446
1598
1356
2203
2445
2686
2443
2564
2200
812
934
935
2209
2342
2341
2582
1491
2580
1490
1249
1007
2338
1006
1005
2699
1125
1488
2698
1487
2455
2697
2334
1365
2575
700
1001
2332
2574
701
823
704
706
1022
2474
1021
2593
1261
1381
2591
2590
1019
2229
2349
2348
2347
2589
830
2103
2587
710
1255
2465
832
1254
1375
954
1275
2485
1153
1395
2484
1151
1150
1391
1149
961
1389
962
1388
2477
2598
2235
721
1145
1266
2234
2476
1386
2354
2233
724
966
605
968
606
727
969
2254
1164
1285
2132
2010
2494
2372
1040
2370
2491
2006
2127
852
1157
2488
2246
732
853
974
1277
2487
975
2123
2365
2486
613
734
977
858
979
859
1176
1175
1296
2264
2263
2021
2142
1173
2020
2260
1291
980
981
982
1049
2138
2137
2379
500
621
863
1047
1168
1289
2136
622
743
864
1046
744
1166
2134
2013
2255
745
988
626
747
749
629
1187
2034
2396
2274
2032
2394
2030
2151
1182
1060
2270
750
2029
751
993
2149
631
994
1059
2148
995
2026
1299
2146
2145
2387
999
639
2287
2043
2285
1074
2284
2041
2162
1072
2161
2282
1071
2160
881
640
762
883
642
522
2037
2278
2036
527
1080
2056
1087
2055
1084
2294
2293
2050
2291
2170
892
774
895
2169
655
776
1199
536
778
899
659
1096
1095
540
420
783
300
422
666
306
427
2191
2077
2197
672
553
433
676
435
556
2069
678
316
438
2089
2087
2084
561
683
201
564
203
324
568
206
328
329
2098
2096
690
2095
2094
573
453
574
213
576
698
459
339
581
220
463
222
585
345
346
348
110
231
111
595
596
113
597
115
357
599
358
479
117
119
10
11
12
14
15
120
362
363
364
366
125
126
368
127
369
128
1905
1904
23
24
26
27
28
29
490
251
131
252
494
374
496
255
135
377
136
139
1913
31
1912
32
33
35
37
39
381
140
1800
387
147
148
1808
1929
1927
1923
1801
45
46
48
2909
390
270
392
393
152
273
275
397
277
1939
2907
1817
51
1936
2901
55
56
59
283
163
2911
1943
168
169
1949
2917
61
1706
63
1946
2914
64
1945
2913
1823
67
290
171
173
294
174
295
296
177
1711
2921
178
1831
2809
1719
1959
1837
1716
2805
76
1955
2923
77
180
181
186
187
1844
188
2810
1841
1609
2819
2939
1606
1847
1968
2815
1966
193
195
198
2702
2944
199
1854
1853
1732
1731
1610
2941
1730
2940
1971
2709
1859
2827
1977
1735
1745
1503
2834
1622
1985
2711
1863
1621
2952
1620
2950
1860
2719
2718
2838
1506
1627
1988
2835
2714
1514
1756
1998
2724
1634
1513
1997
2965
1633
2964
1511
2963
1873
2962
1630
2961
1871
2728
2607
2606
2727
2969
1770
2980
2735
1766
2734
1645
2855
2854
1643
1401
1884
2731
1642
2852
2973
2851
2972
1883
2730
2971
2619
2859
2738
1527
2737
2979
2858
2990
2625
2867
2988
1898
2624
1655
2623
2986
2744
2865
1654
2743
2622
2985
2864
1411
1774
2742
2500
2863
1410
1773
2862
1651
1771
2860
2509
1419
2629
1539
2749
1538
2747
1305
1426
2876
2755
1665
2996
2754
2633
2632
2873
2510
2752
1541
2751
1782
1661
2992
1429
2759
2637
2879
1799
2767
2646
2525
2524
2887
1797
1554
2764
1674
2400
2763
1310
1673
1794
2762
1430
2882
2529
2408
1439
1317
2406
2648
2769
1451
1571
1690
2416
2537
2658
2415
2778
2536
2535
2777
1203
1687
2413
1323
1686
2532
2774
1200
1563
2531
1684
2652
1683
2530
2419
1329
2418
1207
1328
1449
2417
