1220
2551
2790
2306
2548
2547
2304
2546
1214
1456
2787
1213
2544
1695
2300
1210
2308
1473
2562
2317
1
1227
2558
2
1468
2315
3
1225
1467
4
2313
2555
5
2312
1463
8
9
801
809
2331
1483
1241
2572
1480
2569
2327
1479
2326
1235
2324
2566
1476
2323
1475
2564
1474
2321
818
1011
1495
2100
1252
1494
1493
1250
1008
2339
1003
1002
1485
822
824
825
826
2111
2353
2594
2350
1259
1257
2588
1014
2103
1256
2345
2585
1496
2343
833
834
836
2109
2364
1274
1032
2363
1031
2358
1026
2357
2599
2114
1024
2113
2597
601
1265
1023
847
608
1044
1286
2375
1043
1285
2373
2371
2368
610
1036
1278
2124
2366
854
1034
855
856
859
2144
1295
2384
1052
2383
2382
2380
2139
861
2135
1045
624
867
625
629
2396
2154
1064
2395
2392
630
632
2147
636
878
2165
1075
2164
881
642
886
2157
2156
646
888
405
2177
2176
2173
1083
2172
1082
2171
890
891
651
410
652
412
896
414
416
1099
2187
1097
2184
1094
2183
2181
660
664
423
424
2190
2199
2196
670
2192
672
2189
439
680
682
444
446
688
205
209
694
695
212
454
696
457
216
459
460
462
223
465
224
467
226
470
230
232
478
480
241
245
487
248
1907
1905
1903
1901
1900
491
253
498
257
258
1915
1920
267
268
269
1926
1925
270
1931
1930
278
1933
1701
287
1700
1708
1948
292
1712
2801
298
2808
2807
2806
1715
1957
1713
2802
1965
2812
1964
1722
2811
1721
1962
2819
1729
2817
1969
1725
2814
2829
1738
2827
1737
2826
1736
2824
1987
1502
2832
1500
2831
1508
2839
1506
1746
2603
1513
2844
1996
2601
2842
1752
1751
1993
1750
2608
1518
1758
2847
2604
2614
1767
1523
2612
1522
2853
1762
1760
2618
2617
1769
2616
2615
1780
2866
2865
1775
2621
2862
2861
2628
2869
1537
1550
1792
2881
2880
1790
1305
2636
1787
2634
2875
1301
2874
2631
1783
1782
2871
1309
1549
1548
2879
2892
2650
2890
2647
2889
1557
2888
1314
2887
2402
2886
1312
2401
2643
2885
2883
2640
1319
2407
2406
1572
2660
1325
1566
2655
2897
2412
2654
2895
2652
2894
1320
2893
905
2659
2430
2672
2670
1337
2426
1578
1577
2666
2424
2423
2422
2663
910
2428
2441
1350
2438
1589
2436
2678
2435
1587
2676
1344
2433
1343
2674
921
922
927
2439
1363
2452
2694
2451
2450
2207
2449
1357
1599
1114
2202
930
2685
931
1353
1595
936
1119
1374
2221
1131
2462
2461
2460
2459
2458
1368
2215
2699
1367
2456
940
2454
2212
2211
1364
703
946
705
949
2232
1384
2231
2472
1382
2471
1139
2228
2227
2469
1379
2468
1378
2467
2224
952
711
2222
712
713
716
958
717
959
718
719
1396
2243
2242
1394
2483
2482
1150
1147
1144
2475
967
968
727
2253
2495
1163
2493
2492
2490
970
1158
2489
973
1399
2004
1155
976
738
2022
1170
2259
2017
741
2258
2015
1167
2014
2256
2498
744
2497
2255
505
747
508
2276
2031
2271
990
2028
752
512
996
514
758
759
518
519
1197
2044
1194
2040
1192
2281
2280
761
520
521
763
522
766
769
528
529
2298
2055
772
531
773
2046
2288
538
782
542
302
304
2299
305
549
309
2078
2076
2074
791
550
551
793
310
794
795
554
796
557
559
319
2083
560
2082
321
563
322
323
324
567
327
2092
2093
333
576
335
580
340
341
342
101
102
344
586
587
105
589
593
110
353
355
356
13
16
17
18
19
364
367
368
20
21
22
25
371
134
30
36
38
383
145
40
1803
42
47
49
392
394
395
2900
155
157
399
2908
1818
1817
2906
50
1815
2903
53
2902
57
58
162
164
1829
62
1826
2912
67
68
175
176
2922
1832
179
1830
70
2929
1839
2928
72
2926
1834
184
2933
189
1600
1842
2931
2930
1608
2936
1604
196
197
1613
2943
2700
2941
2948
1616
2705
2947
2704
2703
2945
1866
1623
1864
2953
2710
2952
1862
2951
1629
1628
1635
2966
2723
2722
1874
2721
2963
1631
1872
2960
2729
2728
1638
2969
1891
2975
2733
1885
2973
1882
1881
1405
2978
2991
1415
2746
2503
2745
1413
1897
2502
1412
1896
2501
1895
2984
1894
2740
2981
2509
1419
2508
1418
2505
2757
2999
2514
2998
2756
1424
2997
2513
2996
1664
2511
2994
2993
2992
1669
1427
2516
2758
2771
2770
1436
1435
2524
2765
2529
2527
1451
2540
2779
2536
1446
2534
1202
2775
2773
2772
1208
2538
