1461
2550
1580
1217
1459
2306
2669
2548
1216
1458
2426
1336
2667
2425
2303
2666
2787
2424
1334
1576
2665
2786
2543
2664
2785
1332
2784
2542
1694
911
915
917
1339
1594
2440
2682
2680
1228
2559
1348
2799
1104
1588
2798
1224
1345
2434
2797
1223
2675
2554
6
2432
1464
2795
2311
7
2794
802
923
803
805
2319
928
2318
929
1120
1482
2571
2692
1360
1239
1238
2569
1116
1237
2447
2568
1236
2204
2567
1356
1598
2445
2203
1234
2686
2443
1232
2200
2563
813
935
2329
2342
2341
1372
2582
1491
2580
1490
1249
2338
2457
2578
1125
1488
2214
2335
2577
1487
2334
2697
2455
1365
2696
2333
2575
700
1001
2453
2332
2574
701
823
704
706
828
1022
2474
2595
1021
2593
1381
2591
2590
2349
2347
1136
2225
2466
2587
710
831
1255
1134
2465
1254
832
1496
2464
954
957
837
2485
1153
1032
1395
2484
2242
1151
2481
1391
2118
2239
1149
1027
961
1389
1268
720
1388
962
2477
2598
2235
721
1145
1266
2234
2476
1386
1023
2354
2596
724
966
605
606
727
969
1164
2253
2132
2495
2010
2494
2372
1040
2371
2491
2129
2006
2127
730
851
852
1157
2246
2488
2004
732
853
974
1277
2003
2487
975
2123
2365
2486
613
734
858
979
859
1176
1297
1175
2263
2021
1173
2383
2140
1292
2260
980
981
982
2137
500
621
863
1047
1168
1289
2136
622
864
1046
623
865
1166
2013
2134
745
988
626
747
627
507
749
1187
2032
2394
2151
2150
1060
750
2029
993
2149
631
994
1059
2148
995
1299
2146
2388
634
2145
2387
999
639
2287
2043
2285
2284
2041
2162
1072
2161
2282
1071
2281
881
640
882
762
883
642
764
2279
644
765
2278
2036
526
889
527
408
1088
2056
2055
2175
1085
1084
2294
2170
892
650
774
895
2169
776
655
2047
2168
899
778
659
1090
1099
2188
1096
2184
2062
2061
540
420
300
301
422
786
666
787
426
306
2191
2077
2197
2073
671
553
433
555
435
556
2069
678
316
438
2089
2084
561
683
442
201
564
203
324
325
567
2079
206
328
329
209
2092
2090
2096
690
2095
2094
331
574
213
697
578
217
339
581
220
222
585
346
347
468
348
591
471
593
110
231
111
595
596
113
597
115
357
599
358
479
117
359
119
10
12
14
15
120
362
363
125
126
127
369
128
1904
23
24
26
27
28
29
251
252
374
1914
1913
31
32
33
35
37
39
381
140
263
1800
266
146
147
148
1808
1929
1806
1927
43
1801
45
46
48
390
270
392
393
152
273
153
274
275
397
277
1939
2907
1817
2905
51
1936
55
56
59
280
163
2911
1821
169
2919
1949
2917
61
62
63
1946
2914
64
1945
2913
290
173
294
174
295
296
1954
177
298
1832
1711
2921
178
2809
1719
1717
1959
1837
1716
2805
2926
1836
76
2923
1955
77
180
181
186
188
1601
2810
1609
2937
1968
2815
1966
193
2944
2702
199
1854
2701
1853
1732
1731
1610
1730
2940
1971
2709
2708
2707
1859
2827
1977
1856
1745
2834
2955
1986
1622
1985
2711
1863
1500
1620
2950
2719
2839
2718
1507
1628
1627
1747
1626
1867
1988
2835
1877
1514
1998
2724
1755
2843
2964
2842
1873
1994
2962
1630
2961
1750
1871
2607
2727
2848
2725
2980
1888
2735
2977
1524
1403
2734
2855
2854
1765
1643
1884
2731
2852
1883
2972
2730
2851
2971
2619
2738
2859
1527
1406
2737
2616
2858
2979
1526
2857
2867
2625
2504
1777
1898
2624
1534
2623
2744
1654
2622
2743
2985
2864
1411
2500
2742
2863
1773
1652
1531
1651
2982
1771
2860
2629
1539
2749
1538
2747
1305
1667
2635
2876
2755
1665
2512
2633
2754
2632
2753
1542
2873
2752
1541
1662
2751
1661
2871
2992
1429
1428
2759
2637
2879
2891
1680
1316
2647
2767
2646
2525
2524
2887
2886
1554
2764
1674
2642
2763
1310
1551
2882
2529
2408
1318
1317
2648
1571
1692
2781
1690
1327
2416
2658
2657
2778
2415
2413
1686
1323
2896
1201
2532
2774
1442
1200
1684
2531
2651
1683
2530
902
903
2419
1329
2418
1207
1328
1449
2417
