909
1698
1334
1213
910
917
918
1107
1
2
3
4
5
6
7
8
9
806
807
809
1236
1234
1354
936
818
1127
1005
2334
1243
822
1009
1018
1256
830
831
1376
953
711
954
714
715
716
838
719
1153
1030
1147
2477
844
965
603
967
605
607
610
1399
731
732
853
854
733
739
1048
1047
621
864
743
1166
744
745
866
625
504
867
505
507
749
629
871
630
752
632
996
1057
513
514
516
759
639
518
519
1077
1075
760
640
882
520
883
884
521
401
522
402
1189
645
526
405
889
647
406
769
528
407
529
408
890
530
894
773
531
411
774
653
412
533
534
897
413
777
535
417
659
418
419
1097
1093
660
782
420
662
300
663
422
301
544
665
302
303
304
425
546
305
426
547
306
669
548
427
307
428
308
429
309
671
431
310
311
432
312
313
555
434
314
556
315
799
678
436
316
437
559
317
438
439
560
682
561
320
200
442
321
322
201
443
564
202
686
323
565
203
324
687
204
688
325
567
205
206
327
207
328
208
209
570
450
330
451
693
572
331
452
453
695
574
212
333
213
334
697
576
456
214
335
215
336
578
457
216
579
458
217
459
338
218
339
219
581
460
220
462
341
100
221
342
101
222
343
102
465
586
223
103
466
345
224
104
225
346
105
347
226
468
106
107
228
349
108
229
109
470
350
230
351
472
110
231
473
352
111
232
595
112
233
354
113
234
597
355
114
356
235
115
236
599
478
357
116
237
479
358
117
238
359
118
239
119
10
11
12
13
14
15
16
17
18
19
360
481
240
120
362
241
121
242
363
122
243
123
244
486
365
124
487
245
125
246
488
367
126
247
489
127
248
369
128
249
129
20
21
22
23
24
25
26
27
28
29
370
491
250
492
371
130
251
131
252
494
253
132
133
496
375
254
497
134
255
135
256
377
498
136
257
499
378
137
258
379
138
139
30
31
32
33
34
35
36
37
38
39
380
381
140
261
141
262
383
142
263
384
143
385
1800
144
265
386
145
266
146
267
388
147
268
389
148
269
149
40
41
42
43
44
45
46
47
48
49
390
270
391
150
271
392
151
393
272
152
273
153
274
395
275
154
396
155
276
397
156
398
277
157
278
279
158
159
1817
50
51
52
53
54
55
56
57
58
59
280
160
161
282
283
162
163
284
164
165
286
166
167
288
168
289
169
60
61
62
63
64
65
66
67
68
69
290
170
291
171
292
172
293
173
174
295
175
296
176
297
177
178
299
179
70
71
1839
72
73
74
75
76
77
78
79
180
181
182
183
184
185
186
187
188
189
1600
80
81
82
83
84
85
86
87
88
89
190
191
192
193
194
195
196
197
198
199
90
91
92
93
94
95
96
97
98
99
1503
1635
1877
1634
1876
1761
1407
1777
1414
1419
1300
1782
1310
1793
1325
1683
901
1208
