1217
1215
1214
1456
1213
1694
1219
1
2
3
1467
4
5
1223
6
7
8
9
801
802
804
805
806
807
808
809
2331
1241
1480
1239
1237
1236
810
1232
812
813
816
818
1493
1491
1490
1488
1004
1003
1487
820
1001
822
823
826
828
1009
829
1022
1019
1018
1259
1258
830
1256
1498
831
1255
836
837
838
1275
1032
1030
1029
1028
1026
1268
841
600
1023
844
603
605
847
607
1286
1043
1285
1283
1280
1279
610
1036
853
854
1034
856
858
618
2143
861
1049
1048
621
863
1047
1289
864
1046
1045
624
866
867
625
626
627
869
629
2390
871
630
2149
1059
632
1057
875
636
878
639
1077
1075
1072
880
881
640
882
884
401
402
644
1068
645
887
404
405
647
889
406
407
408
409
1088
1087
1083
890
894
411
653
412
896
413
655
897
1079
414
417
659
418
419
1098
1097
1096
1093
660
661
420
662
421
663
422
664
423
665
666
425
426
427
669
428
429
670
671
672
431
432
433
434
436
437
438
439
440
682
441
200
442
684
201
443
202
686
203
445
687
204
688
205
206
448
207
208
209
450
451
693
452
211
453
695
212
213
455
697
214
456
215
457
216
458
217
459
218
219
460
220
462
221
222
223
465
224
466
225
467
226
468
227
228
229
470
471
230
472
231
473
232
474
233
475
234
476
235
236
478
237
479
238
239
480
481
240
241
242
243
244
486
245
487
246
488
247
489
248
249
490
491
250
492
251
493
252
494
253
495
254
496
255
497
256
498
257
499
258
259
1913
261
262
263
266
267
268
269
270
271
272
273
274
275
276
277
278
279
280
282
283
284
285
286
287
288
289
1708
1949
1707
290
291
292
293
295
296
297
299
1710
1717
1722
1731
1730
1503
1502
1508
1506
1505
1746
1756
1996
1522
1521
1761
1777
1775
1773
1771
1302
1301
1300
1783
1782
1307
1799
1556
1795
1310
1794
2883
1793
1318
1325
901
905
1329
909
1340
1337
1336
1335
1334
1332
910
916
917
1345
1342
921
922
924
928
929
1117
1116
1599
931
935
936
939
1374
1131
1371
1127
1368
1125
940
943
702
703
704
708
1382
1139
950
1134
711
1133
954
712
713
714
956
715
716
719
1396
1153
1150
1391
1149
960
1148
1147
720
962
721
963
965
966
725
968
727
969
2253
1163
1162
970
972
1157
732
974
733
734
739
1176
1174
1173
2020
982
1168
501
743
502
744
1166
987
745
504
746
988
505
748
507
749
508
1187
1183
990
751
993
510
752
994
754
996
513
514
756
999
516
758
517
759
518
519
1198
1192
760
520
521
522
765
524
525
526
769
528
529
530
772
531
773
774
532
533
534
777
2046
537
781
782
540
541
783
300
784
542
301
302
544
786
303
545
304
546
788
305
547
306
548
307
308
309
790
550
310
794
311
553
312
313
797
555
314
556
315
799
316
317
559
318
319
560
561
320
321
563
322
564
323
565
324
566
325
567
326
327
569
328
329
2095
570
330
572
331
574
333
334
576
335
336
578
337
579
338
339
581
340
582
341
583
100
342
101
343
102
586
103
345
587
104
346
105
347
589
106
107
349
108
109
350
351
593
110
352
111
353
595
112
354
113
355
597
114
356
115
357
599
116
358
117
359
118
119
10
11
12
13
14
15
16
17
18
19
360
120
362
121
363
122
364
123
365
124
125
367
126
127
369
128
129
20
21
22
23
24
25
26
27
28
29
370
371
130
131
373
132
374
133
375
134
376
135
377
136
378
137
379
138
139
30
31
32
33
34
35
36
37
38
39
380
381
140
382
141
383
142
384
143
385
144
386
145
387
146
388
147
389
148
149
40
41
42
43
44
45
46
47
48
49
390
391
150
392
151
393
152
394
153
395
154
396
155
397
156
398
157
158
159
1817
50
51
52
53
54
55
56
57
58
59
160
161
162
163
164
165
166
167
168
169
60
61
62
63
64
65
66
67
68
69
170
171
172
173
174
175
176
177
178
179
70
71
72
73
74
75
76
77
78
79
180
181
182
183
184
185
186
187
188
189
1600
1842
80
81
1609
82
83
84
1606
85
86
87
88
89
190
191
192
193
194
195
196
197
198
199
1611
90
91
92
93
94
95
96
97
98
99
1624
1623
1863
1628
1627
1634
1876
1630
1637
1645
1886
1415
1414
1413
1655
1411
1410
1419
1418
1665
1661
1440
1435
1451
1447
1446
1203
1444
1202
1200
2531
1683
1208
1207
