1462
2793
1461
1460
1217
1699
2302
1212
1696
1452
1694
1218
1231
1473
1230
1471
2560
1228
1
2316
1469
2
3
1225
2556
4
1224
1466
5
1223
6
1222
2795
2553
7
1221
1463
8
800
9
801
802
803
804
805
807
1229
2318
809
1484
1000
2573
2330
1240
2328
1238
1236
1478
2567
1477
1234
1233
811
814
815
817
818
2329
819
1253
1011
2584
2342
1010
1252
1494
1251
1492
1250
2580
1490
1249
1006
1005
1247
1488
2334
1244
2333
821
1001
822
823
824
825
826
827
828
829
1009
1022
1264
1263
1262
2351
1261
2591
2108
1018
1017
2106
1259
1016
1258
1015
830
1014
1498
831
1013
1497
2102
1254
832
2101
833
835
836
837
838
839
1033
2121
1032
1274
1273
1030
2361
1272
1271
1270
2119
1029
2118
1028
2359
1269
1027
2116
840
1026
2598
842
600
1266
601
2112
2354
1023
602
844
603
845
604
605
847
606
848
607
849
609
1044
1042
1041
1283
1282
1040
2129
1039
2128
850
851
1037
1279
2126
610
852
1036
2125
611
1035
1277
854
855
614
856
615
857
858
617
859
618
619
1055
1054
1296
1053
1294
1051
1292
1050
1291
860
2139
1049
861
2138
862
620
1048
863
621
1047
1289
2378
622
1046
623
2376
866
625
626
627
869
628
629
1066
1065
2153
1063
1061
2150
1060
871
872
630
631
1059
2389
633
1057
875
1299
876
634
1056
635
877
637
879
638
639
1077
2166
1076
1075
1074
1073
1071
2160
1070
881
640
882
641
883
400
642
884
401
643
1069
885
402
644
1068
886
2399
403
645
1067
404
646
405
889
647
406
648
407
408
409
1088
1084
1083
1081
890
892
650
893
651
410
894
652
411
653
895
412
654
2169
413
655
897
2168
414
656
898
1078
415
657
899
658
416
417
659
418
419
1091
1090
1098
1097
1095
1093
1092
660
661
420
662
421
663
422
664
423
665
424
666
425
1089
667
426
668
427
669
428
429
2198
2193
670
671
430
431
673
432
674
433
434
676
435
677
436
678
437
679
438
439
680
440
682
441
683
200
442
684
201
443
202
444
686
203
445
687
204
446
688
205
447
689
206
448
207
449
208
209
690
691
450
692
451
693
210
452
694
211
453
695
212
454
213
455
697
214
456
698
215
457
699
216
458
217
459
218
219
460
461
220
462
221
463
222
464
223
224
466
225
467
226
468
227
469
228
229
470
471
230
472
231
473
232
474
233
475
234
235
477
236
478
237
479
238
239
480
481
240
482
241
483
242
484
243
485
244
486
245
487
246
488
247
489
248
249
1906
1905
1919
490
491
250
492
251
493
252
494
253
495
254
496
255
497
256
498
257
499
258
259
1916
260
261
262
263
264
265
266
267
268
269
1922
270
271
272
273
274
275
276
277
278
279
1939
1935
1934
280
281
282
283
284
285
286
287
288
1941
289
1708
1705
1945
290
291
292
293
294
295
296
297
298
2800
1953
299
1719
1718
1716
1714
2803
2802
1723
1963
2810
1720
1728
2816
1976
2821
2828
1503
2834
1744
1986
1501
1983
1508
1748
1505
1989
1504
1514
1998
1755
1997
1754
1753
2600
2841
1992
2609
1519
1516
1758
1525
1766
1524
1765
2610
1521
2619
1526
2624
1531
1772
1530
1539
1538
1304
1545
1787
1300
1541
1540
1782
2637
2879
1560
1558
1557
2403
1313
1797
1554
1312
1311
1553
2400
1552
1310
1551
1793
1318
1317
1569
1327
1326
2899
1567
1325
2898
1565
2896
2411
2653
1564
1321
1563
2651
1320
900
901
902
903
2419
2418
906
907
908
909
1581
1580
2427
2668
1578
1336
1335
1575
1332
2421
2420
910
911
912
913
915
1339
918
919
1110
1594
1593
1351
1591
2680
1107
1349
1106
1348
1105
1346
1104
2434
1102
2675
2433
1585
920
1342
1584
921
922
923
924
925
926
1109
928
929
1121
2210
1120
2692
1360
1118
1117
2206
1116
1358
1356
1355
2686
1112
1111
932
938
2209
1119
2208
1132
2463
1373
2220
1130
2218
1128
2216
1126
2457
1125
2698
1366
1123
1365
941
700
942
1122
2695
701
943
702
944
945
703
704
946
705
947
948
707
949
708
1143
2474
1142
1384
1383
1381
2229
1138
2226
1378
951
1135
1377
2466
710
1376
2223
953
1133
954
712
713
955
714
956
715
957
717
718
1153
2241
1393
1151
2240
1392
2480
1391
1390
1149
2238
960
1147
720
962
1145
721
964
722
723
724
966
725
968
726
969
728
2010
1162
1161
1159
971
2006
730
972
1158
731
732
974
2487
975
733
2486
734
976
735
736
978
737
979
739
2023
1175
2264
2263
2021
2020
2261
1170
981
2018
740
982
983
1169
2016
500
742
984
2257
501
743
2256
2498
502
986
744
2013
2497
503
745
987
504
988
505
747
506
748
507
749
508
509
1187
1186
1185
2032
1184
1180
990
750
992
751
993
510
752
511
995
2268
512
754
996
2025
513
997
755
2024
756
514
998
515
757
999
517
519
1190
1198
2045
2287
1197
1196
2043
2042
1194
1193
1192
760
761
762
521
2038
764
522
2037
2279
523
765
2036
1189
524
766
2035
525
526
768
527
769
528
529
2290
2055
2292
770
771
530
531
773
532
2049
533
775
2048
534
776
2047
535
777
1199
536
537
779
538
539
2063
2061
780
781
540
783
541
300
542
784
301
543
785
302
544
303
545
787
304
546
788
305
547
306
548
307
549
308
309
2077
790
791
792
550
551
793
310
552
311
553
795
312
554
796
313
797
555
314
556
798
315
557
799
316
558
317
559
318
319
2089
2087
2084
560
320
562
321
322
564
323
565
324
566
325
326
2079
327
569
328
329
2096
570
2094
571
572
330
331
573
332
574
333
575
334
576
335
577
336
578
337
579
338
339
580
581
340
582
341
583
100
584
342
101
343
585
102
344
586
103
345
587
104
346
588
105
347
589
106
348
107
349
108
109
590
591
350
592
351
593
110
352
594
111
353
595
112
354
596
113
355
597
114
356
598
115
357
599
116
358
117
359
118
119
10
11
12
13
14
15
16
17
18
19
360
361
120
362
121
363
122
364
123
365
124
366
125
367
126
368
127
369
128
129
20
21
22
23
24
25
26
27
28
29
370
371
130
372
131
373
132
374
133
375
134
376
135
377
136
378
137
379
138
139
30
31
32
33
34
35
36
37
38
39
380
381
140
382
141
383
142
384
143
385
1800
144
386
145
387
146
388
147
389
148
149
1806
41
42
43
44
45
46
47
48
49
390
391
150
392
151
393
152
394
153
395
154
396
155
397
1810
156
398
157
399
158
159
1818
50
51
52
53
54
2901
55
56
57
58
59
160
161
162
163
164
165
1822
2911
166
167
168
169
60
61
1827
2916
62
63
64
65
66
67
68
69
170
171
172
173
174
175
176
177
1832
178
179
70
71
72
73
74
75
2924
76
77
78
79
180
181
182
183
184
185
186
187
1844
188
1843
1601
2932
189
1600
1841
80
81
1609
82
83
84
1606
1848
85
1847
86
1846
87
1603
1845
88
89
190
191
192
193
194
195
196
197
198
2702
199
1611
2942
2700
1610
1851
2940
1850
90
91
92
93
2708
94
95
1859
2706
96
1858
97
1857
2946
98
1614
99
2955
1865
2954
1621
2719
1629
2716
1627
1880
1877
1876
1633
1632
1630
1639
2727
1637
1879
2967
1890
2735
1888
1404
1402
1643
2732
1884
1400
2731
1641
1881
1409
1408
2739
1407
1648
2737
1657
1898
1414
1412
2743
1653
1410
1651
1417
1659
1658
1671
2760
1668
1425
1666
1424
1423
1665
1663
1420
2518
1428
1681
1679
2525
2767
1677
1434
1676
1433
1674
2521
1431
2520
2762
1430
1450
1692
2781
1691
1690
1206
1448
2537
1205
2778
2535
1688
1203
1445
2776
1686
1202
1444
2533
1443
2774
1200
1684
1441
1449
