2793
2790
2305
1457
1698
2787
2302
1213
1455
2544
2786
2543
1211
2542
1695
1452
2541
1219
1218
1473
2560
2559
2316
1469
1226
2557
2556
2555
1223
802
2319
807
2318
1484
2573
2571
1237
2324
2566
1234
2323
811
813
814
815
817
818
1495
1010
1494
2583
2340
1251
1493
2339
1249
1489
1004
1246
1488
2577
1245
1487
2334
2576
820
1244
2333
821
1485
826
827
829
1022
2111
2353
1263
2352
1020
1019
2106
1258
2105
1499
2104
830
1014
1498
1013
2586
832
2101
835
838
1033
1273
1271
2360
2119
1029
2358
1027
1026
1268
2357
2599
841
2597
601
602
605
847
1043
2132
1285
2374
1284
1042
1283
1041
2370
2129
2128
850
2127
2369
1279
2126
1036
2366
1034
615
858
618
1296
2385
1053
2382
1292
1050
1291
860
1049
2138
1048
621
2378
2136
864
2135
1288
2376
869
2397
3000
1062
2150
2392
2391
2390
872
2149
1057
1299
2388
634
2387
637
639
1075
2164
1073
2160
1070
882
884
401
2158
402
644
1068
2157
645
404
888
405
647
407
408
1086
1085
2171
651
894
411
413
655
414
656
1078
417
1091
2188
2186
2183
2182
420
664
665
666
2179
1089
427
428
2198
670
432
676
436
437
686
203
687
445
204
693
453
695
696
456
216
219
460
462
221
464
466
467
226
228
229
230
472
233
234
236
479
238
1908
481
240
483
242
486
487
488
489
1904
1919
250
253
497
256
499
1911
261
264
265
266
269
1925
270
271
274
275
276
283
1700
288
1941
1706
1945
1944
1702
1710
1950
1719
1718
1716
1957
2811
1963
1962
1720
1729
2818
2816
2815
1725
2814
2813
2823
1734
1976
1975
2821
1970
2829
2828
2826
1737
1990
1503
2834
2833
1501
1983
2830
1980
1508
1749
2837
1505
2836
1746
2835
1998
1997
1753
1995
1510
1750
2609
1519
2608
2848
1759
2605
1516
2847
2856
2612
1522
1521
2852
1520
1529
2857
2870
1777
2864
1532
2621
1773
2629
1539
1792
1547
2878
1546
1545
2876
1785
1300
2873
1782
1540
2638
1548
1561
2890
1316
2647
2889
2646
1798
1313
1797
2886
2643
1311
1795
2641
1793
1551
2407
2649
2661
1571
1570
2899
1325
2898
1324
2897
1564
2410
2652
2894
1320
1562
901
1329
907
908
909
1583
1580
2668
1337
2426
2425
2424
2423
910
911
912
916
2429
917
1339
918
1110
1351
2682
1348
2679
1105
1588
1587
1586
2433
1585
1101
1100
922
923
924
925
928
2452
2694
2207
1359
2206
2448
2689
2447
1115
1599
2688
1114
930
1112
2685
1111
1595
2442
933
1119
2463
2221
2461
1369
2216
2457
1368
1366
2213
2211
943
702
703
708
2219
2231
1141
2472
2230
2470
2229
2227
951
2224
1134
1133
712
714
715
959
2001
2485
1152
2483
2481
1149
2479
1389
2236
2478
2233
1386
2475
723
966
2012
2494
2251
2250
2007
1159
971
972
1158
2487
1156
733
978
736
1174
2262
1173
1172
1171
1170
982
2017
2499
2015
2498
2255
504
507
1187
1186
2275
2033
2031
1182
992
993
994
995
2268
996
2267
756
515
519
2287
1197
1196
1194
760
761
763
522
2037
2279
1188
2035
528
529
2296
2053
771
530
773
775
2047
535
777
2288
779
2067
2063
2060
781
541
300
785
2059
303
2058
547
306
307
308
309
2070
790
551
797
314
556
315
558
317
319
2081
2080
2087
2086
560
563
322
564
325
327
569
328
2092
2090
2098
570
330
572
331
332
575
334
576
580
581
100
103
345
346
105
347
106
349
350
593
352
595
113
116
359
118
121
124
125
127
130
132
133
135
137
30
34
38
1809
383
142
143
389
149
1806
41
1802
43
1801
44
390
393
153
395
396
2900
155
1818
1816
1814
2902
54
2901
56
160
161
162
165
1822
167
169
2918
60
1828
61
65
66
171
175
1833
1832
178
2920
70
2924
77
182
184
185
2932
1843
1600
2931
1841
81
2939
1608
83
2938
84
85
86
87
88
190
191
192
1855
1612
2942
1851
1850
91
93
94
95
2706
96
1616
97
2704
2946
98
1856
2945
1614
99
2712
2954
1864
1863
1621
2710
1862
1861
1860
2718
2959
2958
2957
1867
1635
1877
1634
1633
1632
1874
2720
2962
2960
2729
2727
1879
1637
2968
2725
1890
1646
2977
1404
1403
2976
1886
2732
1885
1642
2730
1407
2737
2736
2978
1647
2990
1657
2746
2745
1656
2987
1655
2986
1654
2985
1894
1652
2740
1650
1892
2508
1418
2506
1659
2989
2757
1425
2998
2513
1423
2995
2994
1662
2759
1427
2758
1682
1681
2770
2768
1678
2767
2766
1432
2762
2769
2782
1691
1690
2778
1204
1687
1202
1200
1684
1683
2539
2538
