0.0
1679.5664439459515
1108.100604727691
868.8092507114284
731.0737569352083
639.4626552705466
573.2003396332003
522.5626498022264
482.3288028172336
449.4192634310834
421.8880161366631
398.4387584851955
378.17119130185876
360.4385035168526
344.7627751442417
330.78243042192037
318.2183354554796
306.85120737830266
296.5061366755209
287.041723290476
278.34228737630474
270.3121783963557
262.87154688987306
255.95315525609513
249.49993927460608
243.46312047349798
237.80072836881533
232.4764315959426
227.4586045714217
222.7195756907458
218.23501684320416
213.98344395245013
209.945805493244
206.1051412771939
202.44629778294214
198.95568930436295
195.62109646802944
192.4314954164712
189.37691230183358
186.44829878376785
183.63742504782823
180.9367875097067
178.33952888612262
175.83936872507243
173.43054281914766
171.10775019307417
168.86610657385017
166.70110342915544
164.60857180509973
162.58465031414485
160.6257567231174
158.72856267353438
156.88997113510408
155.10709625072116
153.37724527954995
151.69790238548143
150.06671405267727
148.48147593912086
146.94012100396074
145.44070876565928
143.9814155661319
142.5605257316664
141.17642353484308
139.8275858732679
138.51257559096138
137.2300353769427
135.97868218311115
134.7573021101135
133.5647457156386
132.39992370461403
131.2618029651905
130.14940291827895
129.06179215181618
127.99808531394385
126.95744024194583
125.93905530613993
124.94216695000705
123.96604740969286
123.01000259766495
122.073370136775
121.1555175322869
120.25584047060013
119.37376123444612
118.50872722527274
117.66020958437493
116.82770190508576
116.01071902902247
115.20879591999694
114.42148660975124
113.64836321018069
112.88901498715681
112.1430474914732
111.41008174280695
110.68975346292505
109.9817123546705
109.28562142354157
108.60115633892855
107.92800483230504
107.26586612987944
106.61445041740441
105.97347833501792
105.34268050014909
104.72179705666989
104.11057724860656
103.50877901685041
102.91616861741835
102.33252025991966
101.75761576497972
101.19124423946036
100.63320176839713
100.08329112264852
99.54132148132155
99.00710816810079
98.48047240066796
97.96124105245258
97.44924642600445
96.94432603732625
96.44632241054622
95.95508288235202
95.47045941564332
94.99230842189529
94.52049059175692
94.05487073343829
93.59531761846746
93.14170383442502
92.69390564428659
92.2518028520266
91.8152786741581
91.38421961690104
90.95851535869154
90.53805863776003
90.1227451445225
89.71247341854418
89.30714474984802
88.90666308435377
88.51093493324574
88.11986928607759
87.73337752743468
87.35137335698293
86.97377271274351
86.60049369744091
86.23145650778048
85.86658336651895
85.50579845719875
85.14902786142423
84.79619949856351
84.44724306776637
84.10208999219407
83.76067336536227
83.42292789950318
83.08878987585837
82.75819709681714
82.43108883982097
82.10740581295704
81.78709011216871
81.47008518001402
81.15633576590659
80.84578788777637
80.5383887950911
80.23408693318179
79.93283190881833
79.63457445698401
79.33926640880001
79.0468606605533
78.75731114378317
78.47057279638454
78.18660153468721
77.90535422647235
77.62678866488972
77.35086354324002
77.07753843058909
76.80677374818156
76.53853074662337
76.27277148380357
76.00945880352795
75.7485563148366
75.4900283719808
75.23384005503374
74.97995715111229
74.72834613618664
74.47897415745662
74.23180901627376
73.98681915158963
73.74397362391109
73.5032420997443
73.26459483651038
73.02800266791547
72.79343698975957
72.56086974616836
72.33027341623357
72.10162100104742
71.87488601111767
71.65004245415004
71.4270648231856
71.20592808508083
70.98660766931891
70.76907945714107
70.5533197709871
70.33930536423482
70.12701341122875
69.91642149758802
69.70750761078484
69.50025013098413
69.2946278221363
69.09061982331475
68.88820564029025
68.68736513733444
68.48807852924553
68.29032637358875
68.09408956314483
67.89934931856031
67.70608718119281
67.51428500614574
67.323924955486
67.13498949163966
66.94746137095957
66.76132363746
66.57655961671313
66.3931529099024
66.2110873880281
66.03034718626066
65.85091669843695
65.67278057169581
65.49592370124819
65.3203312252783
65.14598851997165
64.97288119466653
64.80099508712509
64.63031625892079
64.4608309909386
64.29252577898504
64.12538732950452
63.959402555399336
63.79455857195021
63.63084269283441
63.46824242623896
63.306745471066115
63.14633971322858
62.98701322203195
62.82875424664207
62.67155121263473
62.51539271862575
62.3602675329791
62.2061645905908
62.053072989746894
61.90098198905312
61.74988100443472
61.599759606204096
61.450607516194914
61.30241460496072
61.155170889036185
61.008866528259674
60.86349182315528
60.71903721237288
60.5754932701847
60.432850704036795
60.2911003521542
60.150233181198445
60.01024028397564
59.87111287719446
59.732842299272264
59.5954200081884
59.458837579383435
59.32308670370314
59.18815918538603
59.05404694009365
58.920741992982194
58.78823647681471
58.65652263011263
58.52559279534604
58.395439417161334
58.266055040645504
58.13743230962639
58.00956396500755
57.88244284313747
57.75606187421172
57.630414080707816
57.50549257585155
57.38129056211438
57.257801329740865
57.13501825530572
57.012934800299526
56.891544509742566
56.77084101082621
56.65081801158098
56.53146929957088
56.41278874061325
56.2947702775237
56.17740792888542
56.06069578784232
55.94462802091554
55.82919886684271
55.714402635439576
55.60023370648327
55.486686528616964
55.37375561827526
55.261435558629984
55.14972099855588
55.03860665161562
54.92808729506408
54.818157768870925
54.70881297476166
54.600047875276296
54.49185749284542
54.384236908883516
54.277181262898615
54.170685751618564
54.064745628133
53.95935620105107
53.85451283367442
53.750210943185024
53.64644599984779
53.543213526227454
53.44050909641937
53.33832833529417
53.236666917755834
53.13552056801286
53.03488505886236
52.934756210986734
52.83512989226281
52.7360020170829
52.63736854568786
52.53922548351173
52.4415688805376
52.344394830664896
52.24769947108726
52.151478981681386
52.05572958440613
51.96044754271205
51.86562916096087
51.77127078385483
51.67736879587587
51.583919620733944
51.49091972082492
51.39836559669742
51.30625378652861
51.214580865608816
51.12334344583452
51.032538175209936
50.94216173735678
50.85221085103204
50.7626822696538
50.673572780834725
50.58487920592318
50.49659839955195
50.40872724919407
50.321262674726015
50.234201627997955
50.14754109241077
50.061278082500024
49.97540964352649
49.889932851073304
49.80484481064945
49.72014265729952
49.63582355521982
49.551884697380316
49.46832330515265
49.385136627944014
49.30232194283668
49.219876554233146
49.13779779350697
49.05608301865883
48.974729613977935
48.89373498970879
48.813096581723
48.73281185119605
48.652878284289166
48.57329339183599
48.49405470903393
48.415159795140326
48.33660623317319
48.25839162961636
48.180513614129254
48.10296983926083
48.02575798016799
47.94887573433804
47.87232082131536
47.7960909824322
47.72018398054329
47.64459759976454
47.56932964521555
47.49437794276585
47.41974033878489
47.345414699895755
47.27139891273235
47.19769088370023
47.124288538740856
47.05118982309924
46.978392701094975
46.90589515589659
46.833695189299064
46.76179082150462
46.6901800909066
46.61886105387641
46.54783178455356
46.47709037463861
46.40663493318906
46.336463586418176
46.26657447749658
46.19696576635666
46.12763562949972
46.0585822598058
45.98980386634617
45.92129867419844
45.85306492426422
45.78510087308926
45.717404792686175
45.64997497035949
45.58280970853319
45.51590732458057
45.44926615065644
45.3828845335316
45.31676083442955
45.25089342886547
45.18528070648735
45.11992107091922
45.054812939606585
44.98995474366383
44.92534492772379
44.86098194978919
44.79686428108622
44.73299040591992
44.66935882153159
44.60596803795799
44.54281657789256
44.47990297654821
44.41722578152223
44.3547835526627
44.292574861936835
44.23059829330089
44.16885244257195
44.1073359173012
44.04604733664894
43.98498533126125
43.9241485431481
43.863535625563195
43.803145242885314
43.742976070501044
43.683026794689255
43.623296112506786
43.56378273167582
43.50448537047254
43.44540275761722
43.38653363216575
43.32787674340253
43.26943085073465
43.211194723587454
43.15316714130139
43.09534689303021
43.03773277764029
42.98032360361138
42.923118188938474
42.86611536103495
42.809313956636885
42.752712821708506
42.69631081134896
42.64010678969999
42.584099629855004
42.52828821376902
42.47267143216989
42.417248184470495
42.36201737868208
42.30697793132856
42.252128767361945
42.19746882007875
42.14299703103736
42.08871234997653
42.034613734734684
41.98070015117032
41.92697057308328
41.87342398213707
41.82005936778191
41.76687572717891
41.71387206512502
41.66104739397883
41.608400733587466
41.55593111121402
41.50363756146612
41.45151912622514
41.39957485457641
41.347803802740046
41.29620503400279
41.24477761865044
41.19352063390126
41.142433163839996
41.09151429935277
41.04076313806263
40.99017878426594
40.93976034886942
40.88950694932793
40.839417709583024
40.78949176000208
40.739728237318246
40.69012628457101
40.64068505104744
40.591403692224134
40.54228136970974
40.49331725118823
40.44451051036274
40.395860326900056
40.347365886375734
40.2990263802198
40.25084100566313
40.20280896568437
40.15492946895738
40.10720172979944
40.059624968119884
40.012198409369326
39.96492128448947
39.91779282986349
39.87081228726691
39.82397890381903
39.777291931934954
39.730750629278
39.684354258712794
39.63810208825873
39.59199339104404
39.54602744526031
39.500203534117496
39.454520945799416
39.40897897341976
39.3635769149785
39.31831407331891
39.27318975608481
39.22820327567855
39.183353949219196
39.138641098501296
39.094064049954106
39.04962213460111
39.005314688020114
38.9611410503037
38.917100566020075
38.87319258417434
38.829416458170265
38.78577154577231
38.74225720906813
38.69887281443145
38.6556177324854
38.61249133806611
38.56949301018671
38.52662213200183
38.4838780907723
38.44126027783031
38.3987680885449
38.35640092228783
38.31415818239978
38.27203927615685
38.23004361473753
38.18817061318989
38.14641969039915
38.104790269055556
38.06328177562265
38.02189364030577
37.98062529702094
37.93947618336403
37.89844574058025
37.857533413533965
37.81673865067877
37.77606090402791
37.73549962912495
37.69505428501482
37.654724334215004
37.61450924268723
37.57440847980919
37.534421518346775
37.49454783442639
37.454786907507724
37.41513822035662
37.37560125901834
37.336175512791016
37.296860474199384
37.25765563896885
37.21856050599962
37.17957457734131
37.140697358167664
37.10192835675153
37.06326708444011
37.0247130556305
36.98626578774531
36.947924801208686
36.90968961942249
36.871559768742685
36.83353477845603
36.79561418075689
36.75779751072435
36.72008430629956
36.6824741082632
36.64496646021325
36.607560908542936
36.570257002418906
36.5330542937596
36.495952337213794
36.45895069013939
36.42204891258244
36.38524656725624
36.34854321952077
36.31193843736222
36.27543179137279
36.23902285473058
36.20271120317976
36.1664964150109
36.13037807104143
36.09435575459639
36.05842905148924
36.022597550002914
35.986860840871046
35.95121851725937
35.91567017474727
35.8802154113095
35.84485382729812
35.80958502542452
35.774408610741695
35.73932419062661
35.70433137476275
35.66942977512287
35.63461900595184
35.59989868374966
35.56526842725467
35.53072785742687
35.49627659743141
35.46191427262221
35.42764051052576
35.39345494082503
35.35935719534356
35.32534690802968
35.291423714940834
35.257587254228085
35.2238371661208
35.190173092911344
35.156594678940046
35.12310157058023
35.08969341622337
35.0563698662644
35.02313057308718
34.98997519105003
34.95690337647141
34.9239147876158
34.891009084679574
34.85818592977709
34.82544498692693
34.7927859220381
34.76020840289656
34.72771209915173
34.69529668230315
34.66296182568728
34.63070720446438
34.5985324956055
34.56643737787968
34.53442153184106
34.50248463981636
34.47062638589221
34.438846455902784
34.40714453741746
34.37552031972856
34.34397349383924
34.31250375245152
34.281110789954276
34.24979430241151
34.218553987550585
34.18738954475064
34.15630067503104
34.125287081040014
34.09434846704327
34.0634845389128
34.03269500411579
34.00197957170346
33.97133795230025
33.94076985809294
33.91027500281981
33.87985310176004
33.84950387172314
33.81922703103838
33.78902229954446
33.75888939857917
33.72882805096912
33.698837981019615
33.668918914504616
33.639070578656714
33.609292702157255
33.57958501512652
33.549947249114
33.52037913708868
33.490880413429565
33.46145081391607
33.43209007571871
33.40279793738963
33.37357413885346
33.344418421398046
33.31533052766534
33.286310201642394
33.257357188652364
33.228471235345616
33.19965208969088
33.17089950096655
33.14221321975195
33.11359299791876
33.0850385886224
33.056549746293676
33.02812622663024
32.99976778658837
32.9714741843746
32.94324517943756
32.91508053245987
32.88698000534995
32.85894336123413
32.83097036444866
32.80306078053177
32.77521437621594
32.74743091942006
32.71971017924177
32.692051925949826
32.66445593097649
32.63692196691003
32.60944980748727
32.58203922758617
32.554690003218504
32.52740191152252
32.50017473075579
32.473008240287975
32.44590222059372
32.41885645324567
32.391870720907285
32.36494480732608
32.33807849732663
32.31127157680371
32.284523832715564
32.25783505307711
32.23120502695329
32.204633544452406
32.17812039671958
32.15166537593012
32.12526827528316
32.09892888899516
32.07264701229349
32.046422441410165
32.0202549735755
31.99414440701189
31.96809054092763
31.942093175510728
31.916152111922838
31.890267152293212
31.864438099712658
31.83866475822761
31.812946932834187
31.787284429472347
31.761677055019998
31.736124617287306
31.710626925010875
31.685183787848057
31.659795016371362
31.63446042206275
31.609179817308135
31.583953015391785
31.5587798304909
31.533660077670138
31.508593572876183
31.483580132932403
31.45861957553351
31.433711719240286
31.408856383474298
31.384053388512744
31.35930255548321
31.334603706358596
31.309956663951994
31.285361251911592
31.26081729471574
31.23632461766786
31.211883046891582
31.18749240932576
31.16315253271967
31.138863245628084
31.11462437740654
31.0904357582065
31.066297218970675
31.04220859142827
31.018169708090362
30.994180402245213
30.970240507953704
30.946349860044766
30.92250829411082
30.89871564650328
30.8749717543281
30.851276455441333
30.827629588444683
30.80403099268117
30.780480508230784
30.756977975906153
30.733523237248257
30.710116134522195
30.68675651071295
30.66344420952119
30.64017907535912
30.61696095334635
30.59378968930576
30.57066512975947
30.54758712192474
30.524555513710013
30.50157015371087
30.4786308912061
30.455737576153755
30.432890059187255
30.41008819161147
30.38733182539892
30.364620813185926
30.34195500826881
30.319334264600098
30.296758436784835
30.27422738007681
30.25174095037488
30.229299004219314
30.206901398788112
30.184547991893446
30.162238641978014
30.139973208111492
30.117751549986977
30.095573527917505
30.073439002832504
30.05134783627438
30.02929989039499
30.007295027952306
29.985333112306954
29.96341400741886
29.94153757784389
29.919703688730525
29.897912205816528
29.8761629954257
29.854455924464585
29.83279086041922
29.811167671351946
29.789586225898177
29.76804639326325
29.746548043219267
29.725091046101916
29.70367527280744
29.68230059478946
29.660966884055963
29.63967401316623
29.618421855227783
29.597210283893435
29.57603917335822
29.55490839835649
29.533817834158935
29.512767356569665
29.49175684192326
29.470786167081943
29.44985520943266
29.42896384688423
29.408111957864513
29.387299421317625
29.366526116701085
29.34579192398308
29.325096723639703
29.304440396652158
29.28382282450412
29.26324388917895
29.242703473157032
29.222201459413142
29.20173773141372
29.1813121731143
29.160924668956852
29.140575103867178
29.12026336325237
29.099989332998174
29.079752899466495
29.059553949492827
29.039392370383766
29.01926804991447
28.99918087632619
28.979130738323807
28.959117525073374
28.939141126199665
28.919201431783748
28.899298332360626
28.87943171891676
28.859601482887772
28.83980751615605
28.82004971104838
28.800327960333675
28.780642157220573
28.76099219535522
28.74137796881893
28.721799372125922
28.702256300221087
28.68274864847769
28.663276312695213
28.643839189097076
28.62443717432847
28.60507016545415
28.58573805995627
28.56644075573224
28.547178151092538
28.527950144758634
28.508756635860795
28.489597523936048
28.470472708926053
28.45138209117505
28.432325571427718
28.413303050827228
28.394314430913127
28.375359613619324
28.35643850127208
28.33755099658802
28.31869700267211
28.2998764230157
28.28108916149455
28.262335122366878
28.243614210271414
28.224926330225482
28.20627138762306
28.1876492882329
28.1690599381966
28.150503244026762
28.131979112605073
28.113487451180493
28.09502816736738
28.07660116914364
28.058206364848928
28.039843663182836
28.021512973203034
28.003214204323577
27.984947266313004
27.96671206929266
27.948508523734912
27.930336540461365
27.912196030641148
27.894086905789205
27.876009077764536
27.857962458768526
27.83994696134323
27.82196249836967
27.804008983066197
27.78608632898679
27.768194450019426
27.75033326038439
27.732502674632688
27.71470260764439
27.696932974627035
27.679193691113984
27.661484672962874
27.643805836353973
27.62615709778865
27.608538374087768
27.59094958239016
27.57339064015104
27.55586146514048
27.538361975441884
27.520892089450452
27.50345172587166
27.48604080371977
27.46865924231634
27.451306961288683
27.433983880568466
27.416689920390173
27.39942500128967
27.382189044102788
27.364981969963786
27.347803700304002
27.330654156850386
27.313533261624084
27.29644093693902
27.27937710540052
27.262341689903895
27.245334613633045
27.2283558000591
27.211405172939035
27.19448265631433
27.17758817450958
27.160721652131187
27.14388301406598
27.127072185479918
27.11028909181675
27.09353365879668
27.076805812415117
27.06010547894131
27.043432584917085
27.026787057155552
27.010168822739832
26.99357780902178
26.97701394362073
26.9604771544222
26.943967369576722
26.927484517498502
26.911028526864268
26.894599326611978
26.878196845939645
26.861821014304088
26.845471761419763
26.82914901725751
26.8128527120434
26.79658277625755
26.7803391406329
26.76412173615409
26.747930494056266
26.731765345823902
26.715626223189695
26.699513058133363
26.683425782880555
26.667364329901673
26.651328631910772
26.635318621864418
26.619334232960593
26.60337539863756
26.58744205257279
26.57153412868184
26.555651561117255
26.539794284267536
26.523962232755977
26.50815534143969
26.492373545408444
26.47661677998365
26.460884980717342
26.445178083391035
26.429496024014774
26.413838738826033
26.398206164288727
26.382598237092136
26.367014894149936
26.351456072599163
26.335921709799198
26.32041174333075
26.3049261109949
26.289464750812066
26.274027601021032
26.258614600077987
26.2432256866555
26.227860799641583
26.21251987813874
26.197202861462944
26.181909689142767
26.16664030091834
26.151394636740484
26.136172636769732
26.12097424137538
26.1057993911346
26.090648026831484
26.075520089456134
26.06041552020373
26.04533426047367
26.03027625186859
26.01524143619353
26.000229755455013
25.98524115186013
25.97027556781571
25.955332945927392
25.940413228998764
25.925516360030493
25.910642282219456
25.895790938957887
25.88096227383251
25.86615623062367
25.851372753304528
25.836611786040166
25.821873273186792
25.807157159290878
25.79246338908833
25.777791907503673
25.763142659649237
25.748515590824315
25.733910646514353
25.719327772390177
25.704766914307147
25.690228018304357
25.675711030603882
25.661215897609935
25.646742565908124
25.63229098226463
25.617861093625447
25.6034528471156
25.589066190038398
25.57470106987462
25.56035743428179
25.546035231093413
25.5317344083182
25.517454914139343
25.503196696913736
25.488959705171265
25.474743887614043
25.460549193115693
25.44637557072061
25.43222296964321
25.41809133926725
25.403980629145057
25.389890788996862
25.375821768710047
25.361773518338463
25.347745988101696
25.333739128384387
25.319752889735533
25.305787222867767
25.291842078656718
25.27791740814026
25.264013162517873
25.250129293149936
25.23626575155708
25.222422489419476
25.208599458576188
25.19479661102452
25.181013898919304
25.167251274572287
25.153508690451467
25.139786099180405
25.126083453537618
25.112400706455915
25.09873781102173
25.085094720474537
25.07147138820614
25.057867767760122
25.04428381283113
25.030719477264324
25.017174715054693
25.00364948034647
24.9901437274325
24.976657410753614
24.963190484898067
24.949742904600853
24.936314624743158
24.922905600351744
24.909515786598316
24.896145138799
24.882793612413657
24.86946116304537
24.856147746439806
24.842853318484657
24.82957783520905
24.816321252782974
24.80308352751669
24.789864615860175
24.776664474402537
24.763483059871454
24.750320329132613
24.737176239189157
24.72405074718108
24.710943810384734
24.697855386212233
24.684785432210916
24.671733906062798
24.65870076558402
24.645685968724326
24.63268947356648
24.619711238325785
24.606751221349487
24.593809381116312
24.580885676235862
24.567980065448157
24.555092507623062
24.54222296175977
24.529371386986323
24.51653774255906
24.503721987862086
24.490924082406806
24.478143985831405
24.4653816579003
24.45263705850368
24.439910147656995
24.427200885500454
24.41450923229851
24.4018351484394
24.38917859443461
24.37653953091844
24.363917918647463
24.351313718500073
24.338726891475993
24.32615739869578
24.31360520140038
24.30107026095063
24.288552538826767
24.276051996628002
24.263568596072016
24.251102298994496
24.238653067348693
24.22622086320494
24.213805648750196
24.201407386287585
24.189026038235948
24.176661567129383
24.164313935616804
24.15198310646148
24.139669042540593
24.127371706844787
24.115091062477745
24.102827072655725
24.090579700707117
24.078348910072048
24.0661346643019
24.0539369270589
24.041755662115698
24.029590833354906
24.01744240476872
24.00531034045845
23.993194604634123
23.98109516161405
23.969011975824422
23.95694501179889
23.944894234178133
23.93285960770947
23.92084109724643
23.908838667748356
23.89685228427999
23.88488191201109
23.87292751621598
23.860989062273198
23.849066515665076
23.837159841977336
23.825269006898715
23.813393976220542
23.801534715836375
23.7896911917416
23.777863370033035
23.766051216908558
23.75425469866671
23.742473781706316
23.730708432526114
23.718958617724354
23.70722430399844
23.695505458144563
23.68380204705728
23.672114037729198
23.66044139725058
23.64878409280896
23.637142091688798
23.625515361271113
23.613903869033106
23.602307582547805
23.590726469483712
23.579160497604434
23.567609634768328
23.556073848928147
23.544553108130685
23.533047380516425
23.521556634319193
23.510080837865797
23.498619959575688
23.487173967960615
23.475742831624284
23.464326519262
23.45292499966034
23.441538241696808
23.430166214339494
23.418808886646747
23.40746622776684
23.396138206937607
23.38482479348615
23.373525956828498
23.362241666469256
23.3509718920013
23.339716603105455
23.328475769550145
23.31724936119109
23.30603734797098
23.294839699919155
23.283656387151275
23.27248737986902
23.261332648359762
23.250192162996264
23.23906589423634
23.22795381262257
23.216855888781982
23.205772093425736
23.19470239734882
23.183646771429746
23.172605186630243
23.161577613994954
23.150564024651143
23.139564389808363
23.128578680758196
23.117606868873935
23.106648925610273
23.095704822503052
23.084774531168915
23.07385802330504
23.06295527068886
23.052066245177755
23.041190918708754
23.03032926329827
23.019481251041803
23.008646854113657
22.997826044766636
22.987018795331807
22.976225078218157
22.965444865912374
22.95467813097853
22.9439248460578
22.933184983868223
22.922458517204372
22.91174541893713
22.901045662013388
22.890359219455778
22.879686064362417
22.86902616990661
22.858379509336597
22.847746055975303
22.83712578322004
22.826518664542256
22.815924673487277
22.805343783674044
22.794775968794838
22.78422120261503
22.773679458972822
22.76315071177898
22.752634935016594
22.742132102740815
22.731642189078578
22.72116516822839
22.710701014460035
22.70024970211436
22.68981120560299
22.679385499408102
22.668972558082174
22.65857235624774
22.648184868597117
22.637810069892197
22.627447934964184
22.617098438713345
22.606761556108786
22.596437262188193
22.586125532057608
22.57582634089118
22.565539663930927
22.555265476486504
22.545003753934957
22.534754471720504
22.524517605354298
22.514293130414174
22.504081022544447
22.49388125745565
22.48369381092433
22.473518658792813
22.463355776968964
22.45320514142597
22.4430667282021
22.432940513400528
22.422826473189026
22.412724583799818
22.402634821529322
22.39255716273792
22.38249158384976
22.37243806135253
22.362396571797234
22.352367091797976
22.342349598031742
22.332344067238196
22.322350476219437
22.312368801839824
22.302399021025725
22.292441110765328
22.28249504810843
22.272560810166212
22.262638374111027
22.25272771717623
22.24282881665591
22.232941649904728
22.2230661943377
22.213202427429984
22.20335032671668
22.193509869792628
22.1836810343122
22.1738637979891
22.164058138596175
22.154264033965195
22.14448146198666
22.134710400609606
22.12495082784142
22.115202721747597
22.105466060451608
22.095740822134644
22.086026985035463
22.076324527450186
22.066633427732082
22.056953664291406
22.047285215595192
22.037628060167073
22.027982176587066
22.018347543491416
22.008724139572386
21.99911194357807
21.989510934312225
21.979921090634054
21.97034239145806
21.96077481575382
21.95121834254582
21.94167295091329
21.93213861998999
21.92261532896405
21.91310305707778
21.90360178362748
21.8941114879633
21.884632149489008
21.87516374766185
21.86570626199235
21.856259672044157
21.84682395743386
21.837399097830787
21.827985072956864
21.81858186258645
21.809189446546103
21.799807804714497
21.790436917022152
21.78107676345136
21.77172732403594
21.7623885788611
21.75306050806327
21.74374309182993
21.734436310399442
21.72514014406087
21.71585457315384
21.70657957806835
21.69731513924463
21.688061237172946
21.678817852393458
21.669584965496067
21.66036255712023
21.651150607954797
21.641949098737875
21.632758010256644
21.623577323347217
21.614407018894447
21.605247077831823
21.59609748114126
21.58695820985296
21.577829245045272
21.56871056784452
21.559602159424834
21.55050400100803
21.54141607386343
21.53233835930772
21.52327083870477
21.51421349346554
21.505166305047872
21.496129254956358
21.487102324742196
21.478085496003036
21.469078750382824
21.460082069571662
21.451095435305664
21.442118829366787
21.433152233582717
21.424195629826677
21.415249000017337
21.406312326118623
21.39738559013959
21.388468774134274
21.379561860201562
21.37066483048503
21.361777667172802
21.352900352497436
21.34403286873574
21.33517519820866
21.326327323281127
21.317489226361936
21.30866088990357
21.299842296402115
21.291033428397057
21.282234268471207
21.273444799250512
21.26466500340397
21.255894863643437
21.24713436272354
21.2383834834415
21.229642208637046
21.22091052119225
21.212188404031377
21.20347584012079
21.194772812468813
21.18607930412556
21.17739529818285
21.16872077777405
21.160055726073946
21.151400126298636
21.142753961705363
21.134117215592415
21.125489871298992
21.11687191220507
21.108263321731272
21.099664083338755
21.091074180529073
21.08249359684404
21.07392231586564
21.065360321215866
21.056807596556602
21.048264125589522
21.039729892055938
21.03120487973669
21.022689072452035
21.014182454061487
21.005685008463747
20.997196719596534
20.9887175714365
20.980247547999078
20.9717866333384
20.963334811547135
20.954892066756404
20.946458383135646
20.938033744892497
20.92961813627268
20.921211541559888
20.91281394507567
20.90442533117929
20.896045684267644
20.88767498877513
20.87931322917354
20.870960389971916
20.86261645571648
20.85428141099049
20.84595524041414
20.837637928644433
20.829329460375085
20.821029820336403
20.81273899329518
20.804456964054577
20.79618371745401
20.78791923836905
20.77966351171131
20.771416522428318
20.763178255503444
20.754948695955747
20.746727828839912
20.738515639246092
20.73031211229986
20.72211723316203
20.713930987028622
20.705753359130707
20.69758433473433
20.68942389914037
20.681272037684465
20.673128735736913
20.664993978702526
20.656867752020574
20.648750041164643
20.640640831642564
20.63254010899628
20.624447858801762
20.616364066668908
20.608288718241422
20.600221799196742
20.59216329524591
20.584113192133493
20.576071475637466
20.568038131569125
20.560013145772977
20.551996504126652
20.543988192540787
20.535988196958957
20.52799650335753
20.52001309774563
20.512037966164975
20.504071094689824
20.496112469426883
20.488162076515174
20.480219902125956
20.47228593246264
20.464360153760694
20.456442552287516
20.448533114342382
20.44063182625632
20.432738674392024
20.424853645143788
20.41697672493736
20.40910790022989
20.40124715750983
20.393394483296827
20.38554986414164
20.37771328662606
20.3698847373628
20.36206420299541
20.354251670198188
20.34644712567609
20.33865055616465
20.33086194842986
20.323081289268107
20.315308565506093
20.3075437640007
20.29978687163896
20.292037875337925
20.284296762044594
20.27656351873582
20.268838132418242
20.26112059012817
20.2534108789315
20.245708985923677
20.23801489822953
20.230328603003255
20.222650087428285
20.21497933871723
20.207316344111796
20.19966109088266
20.192013566329447
20.18437375778058
20.176741652593265
20.16911723815334
20.161500501875256
20.15389143120194
20.14629001360475
20.138696236583364
20.13111008766573
20.123531554407947
20.11596062439423
20.10839728523678
20.10084152457574
20.09329333007909
20.08575268944259
20.078219590389676
20.070694020671404
20.063175968066354
20.055665420380553
20.048162365447407
20.040666791127606
20.033178685309053
20.025698035906803
20.018224830862962
20.01075905814661
20.00330070575375
19.99584976170719
19.988406214056507
19.980970050877946
19.97354126027435
19.966119830375092
19.958705749335987
19.95129900533922
19.94389958659328
19.936507481332875
19.929122677818864
19.921745164338176
19.914374929203746
19.907011960754424
19.899656247354933
19.892307777395757
19.884966539293103
19.877632521488785
19.87030571245021
19.862986100670255
19.855673674667226
19.848368422984766
19.841070334191805
19.83377939688245
19.826495599675972
19.81921893121669
19.8119493801739
19.804686935241847
19.797431585139606
19.790183318611035
19.78294212442472
19.775707991373864
19.768480908276267
19.76126086397422
19.754047847334448
19.746841847248053
19.739642852630435
19.732450852421213
19.72526583558419
19.718087791107248
19.71091670800231
19.703752575305256
19.69659538207586
19.689445117397728
19.68230177037823
19.67516533014843
19.668035785863026
19.660913126700276
19.653797341861946
19.64668842057323
19.639586352082695
19.63249112566221
19.62540273060689
19.618321156235023
19.61124639188801
19.604178426930293
19.597117250749314
19.590062852755427
19.58301522238184
19.575974349084568
19.568940222342345
19.56191283165659
19.55489216655131
19.547878216573075
19.540870971290925
19.53387042029633
19.52687655320312
19.519889359647415
19.51290882928759
19.50593495180417
19.49896771689982
19.492007114299245
19.48505313374915
19.478105765018185
19.471164997896853
19.464230822197493
19.457303227754192
19.45038220442272
19.443467742080507
19.43655983062655
19.42965845998136
19.422763620086926
19.415875300906624
19.40899349242517
19.402118184648586
19.39524936760411
19.388387031340148
19.381531165926233
19.374681761452944
19.367838808031856
19.361002295795497
19.354172214897275
19.347348555511434
19.340531307832986
19.333720462077654
19.32691600848183
19.320117937302516
19.313326238817254
19.306540903324088
19.2997619211415
19.292989282608353
19.286222978083835
19.279462997947427
19.272709332598815
19.265961972457855
19.259220907964526
19.25248612957884
19.245757627780836
19.239035393070502
19.23231941596772
19.2256096870122
19.218906196763477
19.212208935800795
19.2055178947231
19.198833064148964
19.192154434716546
19.185481997083524
19.178815741927064
19.172155659943744
19.165501741849532
19.158853978379707
19.15221236028881
19.14557687835062
19.13894752335807
19.132324286123218
19.12570715747718
19.1190961282701
19.11249118937108
19.105892331668137
19.099299546068153
19.092712823496825
19.086132154898625
19.079557531236738
19.072988943492994
19.066426382667874
19.059869839780408
19.05331930586815
19.046774771987128
19.040236229211786
19.033703668634942
19.027177081367743
19.020656458539612
19.014141791298204
19.007633070809355
19.00113028825703
18.994633434843283
18.988142501788204
18.98165748032988
18.97517836172434
18.968705137245514
18.96223779818518
18.95577633585291
18.949320741576052
18.942871006699654
18.936427122586434
18.92998908061672
18.92355687218843
18.917130488716992
18.910709921635327
18.904295162393787
18.89788620246012
18.891483033319417
18.885085646474064
18.878694033443715
18.872308185765224
18.865928094992622
18.859553752697053
18.853185150466743
18.846822279906956
18.840465132639928
18.83411370030487
18.827767974557865
18.821427947071875
18.815093609536667
18.808764953658784
18.802441971161485
18.796124653784737
18.789812993285135
18.783506981435863
18.777206610026685
18.770911870863863
18.764622755770134
18.758339256584666
18.75206136516301
18.745789073377072
18.73952237311505
18.73326125628141
18.727005714796835
18.720755740598197
18.714511325638483
18.708272461886793
18.70203914132828
18.695811355964103
18.689589097811407
18.68337235890325
18.677161131288603
18.670955407032267
18.664755178214875
18.65856043693281
18.6523711752982
18.646187385438854
18.64000905949824
18.63383618963543
18.62766876802507
18.621506786857342
18.615350238337903
18.609199114687883
18.603053408143822
18.596913110957626
18.59077821539654
18.584648713743114
18.578524598295147
18.572405861365663
18.56629249528287
18.560184492390107
18.55408184504584
18.547984545623578
18.541892586511874
18.535805960114274
18.529724658849265
18.523648675150262
18.51757800146555
18.51151263025827
18.505452554006347
18.499397765202477
18.493348256354107
18.48730401998335
18.481265048626984
18.47523133483642
18.46920287117763
18.463179650231147
18.457161664592004
18.451148906869726
18.445141369688255
18.43913904568594
18.433141927515507
18.427150007844
18.421163279352758
18.415181734737384
18.409205366707706
18.403234167987726
18.39726813131562
18.391307249443656
18.38535151513821
18.379400921179688
18.373455460362518
18.367515125495096
18.36157990939977
18.35564980491279
18.34972480488429
18.343804902178235
18.337890089672396
18.33198036025832
18.326075706841294
18.320176122340303
18.314281599688
18.308392131830683
18.302507711728236
18.296628332354135
18.29075398669538
18.284884667752465
18.27902036853937
18.2731610820835
18.267306801425665
18.26145751962005
18.25561322973416
18.24977392484884
18.243939598058166
18.238110242469485
18.232285851203333
18.226466417393432
18.220651934186634
18.214842394742913
18.20903779223532
18.203238119849953
18.197443370785905
18.191653538255288
18.185868615483134
18.18008859570741
18.17431347217897
18.168543238161515
18.16277788693159
18.15701741177852
18.151261806004392
18.145511062924037
18.139765175864973
18.1340241381674
18.12828794318416
18.12255658428069
18.11683005483502
18.11110834823772
18.10539145789188
18.099679377213075
18.093972099629344
18.08826961858115
18.08257192752135
18.07687901991517
18.071190889240185
18.065507528986252
18.05982893265553
18.054155093762418
18.04848600583353
18.04282166240768
18.037162057035832
18.031507183281086
18.02585703471864
18.020211604935774
18.014570887531804
18.008934876118055
18.00330356431786
17.997676945766486
17.99205501411114
17.986437763010937
17.980825186136844
17.97521727717168
17.969614029810092
17.9640154377585
17.958421494735084
17.952832194469757
17.94724753070414
17.941667497191514
17.936092087696824
17.930521295996627
17.92495511587907
17.91939354114387
17.913836565602264
17.908284183077026
17.90273638740239
17.897193172424046
17.891654531999126
17.88612045999615
17.880590950295012
17.87506599678695
17.869545593374532
17.864029733971616
17.85851841250332
17.853011622906
17.84750935912723
17.84201161512578
17.836518384871553
17.83102966234561
17.825545441540115
17.8200657164583
17.81459048111447
17.809119729533943
17.803653455753057
17.79819165381911
17.792734317790362
17.787281441735992
17.78183301973609
17.776389045881604
17.770949514274353
17.765514419026957
17.76008375426284
17.75465751411621
17.74923569273202
17.743818284265927
17.73840528288431
17.732996682764206
17.727592478093303
17.722192663069908
17.71679723190293
17.71140617881186
17.706019498026713
17.700637183788054
17.695259230346927
17.68988563196486
17.684516382913838
17.67915147747626
17.673790909944934
17.668434674623043
17.66308276582413
17.65773517787205
17.652391905100988
17.647052941855385
17.64171828248997
17.63638792136968
17.631061852869667
17.62574007137529
17.62042257128204
17.61510934699558
17.609800392931668
17.604495703516154
17.599195273184964
17.59389909638408
17.588607167569492
17.5833194812072
17.578036031773173
17.572756813753344
17.567481821643568
17.56221104994961
17.556944493187128
17.551682145881635
17.546424002568482
17.541170057792858
17.53592030610972
17.530674742083814
17.525433360289625
17.52019615531139
17.514963121743016
17.509734254188125
17.504509547259982
17.499288995581498
17.4940725937852
17.488860336513213
17.483652218417227
17.47844823415849
17.473248378407785
17.468052645845393
17.462861031161083
17.457673529054098
17.452490134233106
17.44731084141622
17.442135645330932
17.436964540714122
17.431797522312035
17.42663458488024
17.421475723183626
17.416320931996374
17.411170206101943
17.40602354029304
17.400880929371606
17.395742368148785
17.390607851444923
17.38547737408951
17.38035093092122
17.375228516787825
17.370110126546212
17.364995755062356
17.359885397211297
17.354779047877116
17.349676701952927
17.344578354340833
17.339483999951945
17.33439363370631
17.329307250532946
17.32422484536976
17.3191464131636
17.314071948870176
17.309001447454065
17.303934903888678
17.298872313156277
17.2938136702479
17.288758970163386
17.283708207911328
17.27866137850907
17.273618476982683
17.268579498366936
17.26354443770529
17.25851329004987
17.253486050461454
17.248462714009445
17.243443275771856
17.238427730835284
17.233416074294908
17.228408301254447
17.223404406826155
17.21840438613081
17.213408234297674
17.208415946464488
17.20342751777745
17.19844294339119
17.19346221846877
17.188485338181643
17.183512297709647
17.178543092240986
17.173577716972204
17.168616167108176
17.16365843786208
17.158704524455388
17.15375442211784
17.148808126087435
17.1438656316104
17.138926933941182
17.133992028342423
17.129060910084956
17.12413357444776
17.11921001671797
17.11429023219085
17.109374216169762
17.10446196396616
17.09955347089958
17.094648732297607
17.08974774349586
17.084850499837987
17.079956996675627
17.075067229368415
17.070181193283943
17.06529888379776
17.06042029629334
17.055545426162087
17.05067426880328
17.045806819624097
17.040943074039564
17.036083027472568
17.031226675353814
17.02637401312182
17.021525036222904
17.016679740111154
17.011838120248417
17.007000172104295
17.002165891156114
16.997335272888893
16.992508312795373
16.98768500637594
16.982865349138663
16.97804933659925
16.97323696428102
16.96842822771492
16.963623122439483
16.958821644000817
16.954023787952593
16.949229549856025
16.944438925279858
16.939651909800343
16.934868499001222
16.930088688473734
16.925312473816565
16.920539850635848
16.915770814545148
16.91100536116545
16.906243486125135
16.90148518505996
16.896730453613063
16.89197928743491
16.887231682183327
16.882487633523436
16.877747137127677
16.873010188675785
16.868276783854736
16.86354691835879
16.858820587889443
16.85409778815541
16.84937851487262
16.844662763764187
16.83995053056041
16.835241810998763
16.830536600823848
16.825834895787413
16.82113669164831
16.816441984172506
16.81175076913306
16.80706304231008
16.802378799490757
16.797698036469296
16.793020749046956
16.78834693303198
16.78367658423964
16.779009698492164
16.77434627161875
16.76968629945556
16.765029777845683
16.76037670263913
16.755727069692835
16.751080874870595
16.74643811404312
16.74179878308796
16.737162877889524
16.732530394339047
16.727901328334596
16.72327567578104
16.718653432590028
16.71403459468
16.709419157976157
16.70480711841044
16.70019847192153
16.695593214454828
16.690991341962437
16.686392850403152
16.681797735742446
16.677205993952466
16.672617621011984
16.668032612906433
16.66345096562784
16.658872675174866
16.65429773755275
16.649726148773315
16.645157904854944
16.640593001822577
16.636031435707693
16.631473202548293
16.626918298388883
16.622366719280475
16.617818461280567
16.61327352045311
16.608731892868526
16.60419357460367
16.599658561741833
16.59512685037273
16.590598436592447
16.586073316503494
16.581551486214735
16.57703294184141
16.572517679505086
16.5680056953337
16.563496985461477
16.558991546028967
16.554489373183017
16.549990463076757
16.545494811869577
16.541002415727142
16.536513270821338
16.5320273733303
16.527544719438374
16.523065305336115
16.518589127220253
16.51411618129372
16.509646463765606
16.50517997085115
16.500716698771733
16.496256643754865
16.491799802034183
16.487346169849403
16.48289574344635
16.478448519076917
16.474004492999068
16.469563661476823
16.46512602078022
16.460691567185357
16.45626029697432
16.451832206435206
16.44740729186211
16.442985549555093
16.43856697582019
16.434151566969387
16.429739319320607
16.42533022919771
16.420924292930454
16.41652150685453
16.412121867311498
16.407725370648812
16.40333201321978
16.39894179138358
16.394554701505232
16.390170739955575
16.38578990311128
16.38141218735483
16.37703758907449
16.37266610466432
16.368297730524148
16.363932463059573
16.35957029868192
16.35521123380828
16.350855264861448
16.346502388269936
16.34215260046798
16.33780589789547
16.333462276998006
16.329121734226838
16.32478426603888
16.32044986889668
16.31611853926844
16.31179027362796
16.307465068454665
16.303142920233572
16.298823825455287
16.294507780615987
16.290194782217426
16.285884826766903
16.281577910777248
16.27727403076685
16.27297318325959
16.268675364784873
16.26438057187759
16.260088801078137
16.255800048932358
16.251514311991585
16.247231586812592
16.242951869957594
16.23867515799425
16.234401447495614
16.23013073504017
16.225863017211793
16.221598290599747
16.217336551798674
16.213077797408573
16.20882202403481
16.204569228288076
16.200319406784427
16.196072556145204
16.191828672997094
16.18758775397206
16.183349795707368
16.179114794845564
16.174882748034456
16.170653651927115
16.16642750318187
16.16220429846226
16.157984034437085
16.153766707780346
16.149552315171242
16.145340853294183
16.141132318838753
16.136926708499725
16.132724018977022
16.128524246975726
16.124327389206073
16.120133442383416
16.11594240322825
16.111754268466164
16.107569034827872
16.103386699049164
16.099207257870923
16.095030708039097
16.090857046304702
16.08668626942381
16.08251837415753
16.078353357272004
16.074191215538402
16.070031945732897
16.06587554463668
16.061722009035915
16.057571335721775
16.053423521490377
16.049278563142828
16.045136457485167
16.0409972013284
16.036860791488433
16.03272722478614
16.028596498047264
16.02446860810249
16.02034355178738
16.016221325942382
16.012101927412825
16.007985353048895
16.00387159970565
15.99976066424298
15.995652543525622
15.991547234423141
15.987444733809914
15.983345038565128
15.979248145572775
15.97515405172164
15.971062753905274
15.96697424902201
15.962888533974947
15.958805605671927
15.954725461025541
15.95064809695311
15.946573510376686
15.94250169822303
15.93843265742362
15.934366384914615
15.930302877636873
15.926242132535926
15.922184146561982
15.918128916669904
15.914076439819212
15.910026712974055
15.90597973310323
15.901935497180153
15.897894002182854
15.893855245093974
15.889819222900737
15.88578593259498
15.8817553711731
15.877727535636062
15.873702422989412
15.86968003024323
15.865660354412151
15.861643392515338
15.85762914157649
15.853617598623812
15.849608760690025
15.845602624812345
15.841599188032488
15.837598447396642
15.833600399955476
15.829605042764125
15.825612372882171
15.821622387373662
15.81763508330706
15.813650457755283
15.809668507795662
15.805689230509934
15.80171262298425
15.797738682309157
15.793767405579588
15.789798789894856
15.78583283235865
15.781869530079012
15.777908880168349
15.773950879743412
15.769995525925282
15.76604281583938
15.762092746615444
15.75814531538752
15.75420051929397
15.750258355477442
15.746318821084879
15.742381913267495
15.738447629180783
15.734515965984505
15.730586920842667
15.726660490923527
15.722736673399579
15.718815465447554
15.714896864248406
15.710980866987295
15.707067470853598
15.703156673040885
15.699248470746918
15.695342861173645
15.691439841527178
15.68753940901781
15.683641560859991
15.679746294272311
15.675853606477506
15.67196349470246
15.668075956178171
15.664190988139762
15.660308587826464
15.656428752481617
15.652551479352654
15.648676765691096
15.644804608752551
15.640935005796685
15.637067954087243
15.63320345089202
15.629341493482869
15.625482079135677
15.621625205130364
15.617770868750881
15.613919067285204
15.610069798025307
15.60622305826718
15.602378845310804
15.59853715646015
15.594697989023166
15.590861340311777
15.587027207641887
15.58319558833333
15.57936647970992
15.575539879099395
15.571715783833449
15.567894191247683
15.564075098681638
15.560258503478757
15.556444402986395
15.552632794555807
15.548823675542149
15.54501704330444
15.541212895205593
15.537411228612399
15.53361204089549
15.529815329429367
15.52602109159238
15.522229324766723
15.518440026338414
15.514653193697308
15.510868824237075
15.507086915355202
15.503307464452972
15.499530468935482
15.495755926211608
15.491983833694018
15.488214188799152
15.484446988947226
15.48068223156221
15.47691991407184
15.473160033907597
15.46940258850471
15.46564757530213
15.46189499174255
15.45814483527238
15.454397103341746
15.450651793404475
15.446908902918098
15.44316842934385
15.43943037014664
15.435694722795066
15.431961484761386
15.428230653521545
15.42450222655513
15.420776201345392
15.417052575379225
15.413331346147153
15.409612511143353
15.405896067865607
15.402182013815336
15.398470346497556
15.394761063420903
15.391054162097602
15.387349640043473
15.383647494777932
15.379947723823959
15.376250324708119
15.372555294960538
15.368862632114897
15.365172333708449
15.361484397281968
15.357798820379786
15.35411560054976
15.35043473534328
15.346756222315252
15.343080059024105
15.339406243031759
15.335734771903649
15.332065643208708
15.328398854519339
15.324734403411448
15.3210722874644
15.31741250426104
15.313755051387671
15.310099926434061
15.306447126993417
15.302796650662392
15.299148495041077
15.29550265773301
15.291859136345126
15.288217928487803
15.284579031774818
15.280942443823362
15.27730816225402
15.273676184690776
15.270046508761002
15.266419132095447
15.262794052328239
15.259171267096875
15.255550774042215
15.251932570808476
15.248316655043228
15.244703024397378
15.241091676525183
15.237482609084228
15.233875819735426
15.230271306143003
15.226669065974512
15.223069096900808
15.219471396596047
15.215875962737687
15.212282793006468
15.208691885086427
15.205103236664872
15.201516845432387
15.197932709082817
15.194350825313276
15.19077119182413
15.187193806318993
15.183618666504723
15.18004577009142
15.176475114792407
15.172906698324239
15.169340518406695
15.165776572762761
15.162214859118633
15.158655375203711
15.155098118750592
15.151543087495064
15.147990279176105
15.144439691535862
15.140891322319668
15.137345169276015
15.133801230156566
15.130259502716136
15.12671998471269
15.123182673907337
15.119647568064341
15.116114664951084
15.11258396233808
15.10905545799897
15.105529149710513
15.102005035252578
15.098483112408143
15.09496337896328
15.091445832707164
15.087930471432054
15.084417292933306
15.080906295009337
15.077397475461648
15.073890832094802
15.070386362716436
15.066884065137234
15.06338393717093
15.059885976634312
15.056390181347206
15.052896549132464
15.049405077815981
15.045915765226676
15.042428609196472
15.038943607560324
15.035460758156185
15.031980058825017
15.028501507410772
15.025025101760399
15.021550839723838
15.018078719154001
15.014608737906785
15.011140893841059
15.007675184818652
15.00421160870435
15.000750163365911
14.997290846674028
14.99383365650235
14.99037859072745
14.986925647228855
14.983474823889006
14.980026118593278
14.976579529229966
14.973135053690266
14.9696926898683
14.96625243566108
14.962814288968529
14.959378247693449
14.955944309741543
14.952512473021391
14.949082735444456
14.945655094925067
14.94222954938043
14.938806096730605
14.935384734898522
14.93196546180995
14.928548275393513
14.925133173580683
14.921720154305765
14.918309215505897
14.914900355121043
14.911493571093994
14.908088861370361
14.904686223898565
14.90128565662983
14.897887157518198
14.8944907245205
14.891096355596357
14.887704048708187
14.88431380182119
14.880925612903345
14.877539479925405
14.874155400860886
14.870773373686077
14.867393396380027
14.864015466924542
14.86063958330416
14.85726574350619
14.853893945520667
14.85052418734036
14.84715646696078
14.843790782380152
14.840427131599434
14.83706551262229
14.833705923455108
14.830348362106974
14.826992826589683
14.823639314917717
14.820287825108272
14.816938355181211
14.813590903159092
14.810245467067155
14.806902044933306
14.80356063478813
14.800221234664875
14.79688384259944
14.793548456630399
14.790215074798963
14.786883695148994
14.783554315727
14.780226934582124
14.77690154976614
14.773578159333459
14.770256761341109
14.766937353848743
14.763619934918623
14.760304502615629
14.756991055007243
14.753679590163552
14.750370106157238
14.747062601063568
14.743757072960422
14.74045351992824
14.737151940050051
14.733852331411454
14.730554692100629
14.727259020208317
14.723965313827813
14.720673571054984
14.717383789988244
14.714095968728545
14.710810105379407
14.707526198046866
14.704244244839515
14.700964243868459
14.69768619324734
14.69441009109233
14.691135935522102
14.687863724657856
14.684593456623297
14.681325129544643
14.678058741550597
14.674794290772383
14.671531775343693
14.668271193400727
14.665012543082153
14.661755822529136
14.658501029885302
14.655248163296763
14.651997220912078
14.648748200882295
14.645501101360894
14.642255920503839
14.639012656469518
14.635771307418782
14.63253187151492
14.629294346923656
14.626058731813155
14.622825024354
14.619593222719217
14.61636332508424
14.61313532962693
14.609909234527551
14.606685037968788
14.60346273813572
14.600242333215837
14.597023821399024
14.593807200877556
14.590592469846099
14.58737962650171
14.584168669043812
14.580959595674221
14.57775240459712
14.57454709401906
14.571343662148957
14.56814210719809
14.5649424273801
14.561744620910968
14.558548686009033
14.555354620894988
14.552162423791843
14.54897209292497
14.545783626522066
14.542597022813153
14.53941228003058
14.536229396409027
14.533048370185474
14.529869199599236
14.526691882891921
14.523516418307457
14.520342804092063
14.517171038494256
14.514001119764863
14.510833046156986
14.50766681592602
14.50450242732964
14.501339878627808
14.498179168082759
14.495020293958989
14.491863254523276
14.488708048044654
14.485554672794425
14.482403127046133
14.479253409075595
14.47610551716086
14.47295944958223
14.469815204622252
14.4666727805657
14.46353217569959
14.46039338831317
14.457256416697913
14.454121259147506
14.45098791395787
14.447856379427135
14.44472665385564
14.441598735545936
14.438472622802777
14.435348313933122
14.432225807246121
14.42910510105312
14.42598619366766
14.42286908340546
14.419753768584426
14.41664024752465
14.413528518548382
14.410418579980064
14.40731043014629
14.404204067375835
14.401099489999618
14.397996696350729
14.394895684764403
14.391796453578031
14.388699001131153
14.385603325765443
14.382509425824727
14.379417299654959
14.376326945604227
14.373238362022747
14.370151547262868
14.367066499679058
14.363983217627899
14.360901699468092
14.357821943560454
14.3547439482679
14.351667711955463
14.348593232990263
14.345520509741537
14.34244954058059
14.33938032388085
14.33631285801781
14.33324714136905
14.330183172314234
14.32712094923511
14.324060470515494
14.321001734541271
14.317944739700394
14.314889484382885
14.311835966980818
14.308784185888333
14.305734139501617
14.302685826218905
14.2996392444405
14.29659439256872
14.293551269007942
14.290509872164572
14.28747020044705
14.284432252265859
14.28139602603349
14.278361520164468
14.275328733075343
14.27229766318467
14.26926830891303
14.26624066868301
14.2632147409192
14.260190524048198
14.25716801649861
14.254147216701023
14.251128123088035
14.248110734094233
14.245095048156177
14.242081063712428
14.23906877920352
14.23605819307197
14.233049303762275
14.230042109720882
14.227036609396231
14.224032801238721
14.221030683700706
14.218030255236503
14.215031514302389
14.21203445935659
14.209039088859283
14.206045401272588
14.203053395060575
14.200063068689248
14.197074420626551
14.194087449342366
14.191102153308496
14.18811853099868
14.185136580888582
14.18215630145578
14.179177691179778
14.176200748541987
14.173225472025743
14.170251860116283
14.167279911300747
14.16430962406819
14.16134099690955
14.158374028317677
14.155408716787308
14.152445060815072
14.149483058899484
14.146522709540955
14.143564011241759
14.140606962506059
14.137651561839897
14.134697807751188
14.131745698749704
14.128795233347097
14.125846410056878
14.122899227394418
14.11995368387695
14.11700977802356
14.114067508355182
14.111126873394602
14.10818787166645
14.105250501697205
14.102314762015183
14.099380651150533
14.096448167635243
14.09351731000313
14.09058807678984
14.087660466532848
14.084734477771443
14.081810109046742
14.078887358901675
14.07596622588099
14.073046708531239
14.070128805400786
14.067212515039802
14.064297836000256
14.061384766835927
14.058473306102371
14.055563452356958
14.052655204158839
14.049748560068956
14.046843518650027
14.043940078466568
14.041038238084868
14.038137996072987
14.03523935100077
14.032342301439826
14.029446845963527
14.026552983147024
14.023660711567222
14.020770029802792
14.01788093643415
14.014993430043484
14.01210750921472
14.009223172533536
14.006340418587364
14.003459245965363
14.000579653258455
13.997701639059283
13.994825201962227
13.991950340563406
13.989077053460665
13.986205339253576
13.983335196543434
13.98046662393326
13.977599620027783
13.974734183433473
13.971870312758485
13.969008006612695
13.966147263607699
13.963288082356774
13.960430461474926
13.957574399578844
13.954719895286923
13.951866947219242
13.949015553997585
13.94616571424542
13.943317426587905
13.940470689651868
13.937625502065837
13.93478186246001
13.931939769466263
13.929099221718143
13.926260217850874
13.92342275650134
13.920586836308098
13.91775245591137
13.914919613953025
13.912088309076605
13.9092585399273
13.906430305151959
13.903603603399072
13.900778433318782
13.897954793562882
13.895132682784801
13.892312099639604
13.889493042784006
13.886675510876346
13.883859502576595
13.88104501654637
13.878232051448895
13.87542060594903
13.872610678713254
13.869802268409668
13.866995373707988
13.864189993279542
13.861386125797278
13.858583769935752
13.85578292437112
13.852983587781146
13.850185758845205
13.847389436244255
13.844594618660869
13.8418013047792
13.83900949328501
13.836219182865632
13.833430372209998
13.830643060008622
13.827857244953606
13.825072925738619
13.822290101058924
13.819508769611348
13.816728930094293
13.81395058120773
13.811173721653205
13.808398350133821
13.805624465354255
13.802852066020728
13.800081150841034
13.797311718524524
13.794543767782084
13.791777297326174
13.789012305870791
13.786248792131476
13.783486754825322
13.780726192670958
13.777967104388553
13.775209488699815
13.772453344327987
13.76969866999784
