0.0
2937.924761085694
1808.5048282191751
1361.6195903388348
1113.2653078846724
952.2734289281078
838.1751758733251
752.4402889023331
685.2951821864614
631.0603774990337
586.1930560008235
548.3600279613635
515.9573425904185
487.8432753953066
463.18132902887106
441.343554253746
421.84866752052426
404.3211171531527
388.4632291206346
374.0357803041442
360.84415301849873
348.72827633305934
337.5551924631474
327.2134781816929
317.60899992724137
308.6616428895149
300.3027615454086
292.47317156337533
285.1215527997841
278.2031678918889
271.67882559264416
265.51403568223395
259.67831514744523
254.14461477053638
248.8888422902397
243.88946356539483
239.1271671608978
234.58458082283082
230.24603065627687
226.09733564035872
222.12563153845144
218.3192193817192
214.66743459142413
211.16053351257548
207.78959469828598
204.5464327410468
201.42352281727494
198.41393441288653
195.51127294424458
192.70962819150031
190.00352862864494
187.38790087325788
184.8580335943402
182.4095453130219
180.0383556117594
177.74065933564233
175.51290342684092
173.35176608184767
171.2541379624784
169.21710522680107
167.23793417624586
165.31405734093445
163.44306084742254
161.62267293213986
159.8507534802989
158.12528448432153
156.4443613282209
154.806184815154
153.20905386475627
151.65135881507564
150.13157527111218
148.64825844826973
147.2000379645676
145.7856130403388
144.40374806844358
143.0532685218327
141.7330571686588
140.4420505681237
139.17923582289902
137.9436475663177
136.73436516463792
135.5505101165547
134.39124363381336
133.25576438827866
132.14330641215852
131.05313713928885
129.98455557646966
128.93689059482034
127.90949933199961
126.90176569693044
125.91309896938573
124.94293248743891
123.99072241637016
123.05594659315003
122.13810344110496
121.23671094980725
120.3513057156299
119.48144203876949
118.6266910728708
117.7866400236875
116.96089139348854
116.14906226817118
115.3507836442712
114.56569979327095
113.79346766079938
113.03375629849386
112.28624632645665
111.55062942438762
110.82660784961149
110.11389398034414
109.412209882659
108.7212868997204
108.04086526195049
107.37069371688666
106.71052917757073
106.06013638838878
105.4192876073524
104.78776230387867
104.16534687118747
103.55183435249265
102.94702418021497
102.35072192749614
101.7627390713363
101.18289276672184
100.61100563114876
100.04690553898361
99.49042542513833
98.94140309756708
98.39968105812271
97.86510633133823
97.33753030072403
96.81680855219669
96.30280072427631
95.79537036471127
95.29438479320876
94.79971496996767
94.31123536972753
93.82882386106354
93.35236159067284
92.88173287241094
92.41682508085078
91.95752854914952
91.50373647101927
91.05534480660943
90.6122521921185
90.17435985296275
89.74157152033843
89.31379335102253
88.89093385026555
88.47290379763719
88.05961617569226
87.65098610133258
87.24693075974496
86.84736934080296
86.45222297782487
86.06141468858601
85.67486931848838
85.29251348579575
84.91427552884605
84.54008545515828
84.16987489235386
83.80357704081749
83.44112662802493
83.08245986446966
82.72751440112242
82.37622928836214
82.02854493631786
81.68440307656581
81.3437467251272
81.00652014671493
80.6726688201803
80.34213940511259
80.01487970954621
79.69083865873313
79.36996626493887
79.05221359822326
78.73753275816831
78.4258768465173
78.11719994069074
77.81145706814648
77.50860418155239
77.20859813474145
76.91139665942073
76.61695834260617
76.32524260475721
76.03620967858546
75.74982058851351
75.46603713076011
75.18482185402993
74.90613804078585
74.62994968908382
74.35622149495008
74.08491883528193
73.81600775125408
73.54945493221274
73.28522770004099
73.02329399397908
72.76362235588435
72.5061819159158
72.25094237862896
71.99787400946745
71.7469476216378
71.49813456335488
71.25140670544603
71.00673642930131
70.7640966151595
70.52346063071819
70.28480232005776
70.04809599286928
69.8133164139762
69.58043879314073
69.34943877514586
69.1202924301441
68.89297624426487
68.66746711047195
68.44374231966373
68.22177955200851
68.00155686850728
67.78305270277754
67.56624585305094
67.35111547437853
67.13764107103701
66.9258024891303
66.71557990938018
66.50695384010059
66.29990511034998
66.09441486325657
65.89046454951115
65.68803592102294
65.4871110247332
65.28767219658238
65.08970205562619
64.89318349829644
64.69809969280223
64.50443407366762
64.31217033640193
64.12129243229892
63.93178456336089
63.743631177344746
63.55681696292599
63.37132684497783
63.18714597996197
63.00425975142795
62.82265376561826
62.64231384717606
62.46322603495291
62.28537657791367
62.10875193113588
61.93333875190134
61.75912389587701
61.58609441338311
61.41423754574608
61.24354072173403
61.07399155407249
60.90557783603854
60.73828753813097
60.57210880481468
60.40702995133739
60.243039460616615
60.08012598019527
59.91827831926394
59.75748544574848
59.597736483460636
59.4390207093108
59.28132755058077
59.124646582255274
58.968967524410715
58.814280239659695
58.66057473064986
58.50784113761589
58.35606973598307
58.20525093402138
58.05537527054876
57.90643341268229
57.75841615363629
57.61131441056595
57.46511922245571
57.31982174805087
57.1754132638318
57.031885162029575
56.8892289486819
56.747436241728586
56.606498769145546
56.46640836711633
56.327156978240424
56.18873664977741
56.051139531926125
55.914357876137956
55.77838403346367
55.64321045293275
55.508829679964606
55.375234354811035
55.24241721102896
55.11037107398295
54.979088859376844
54.8485635718137
54.71878830338347
54.58975623227786
54.46146062143162
54.33389481718985
54.207052248000565
54.08092642313201
53.95551093141425
53.830799440004476
53.70678569317536
53.58346351112621
53.460826788816064
53.338869494818795
53.21758567019906
53.096969427409185
52.97701494920639
52.85771648758969
52.73906836275637
52.62106496207744
52.50370073909169
52.38697021251786
52.27086796528487
52.15538864357931
52.04052695590997
51.92627767218928
51.81263562283099
51.699595697863934
51.58715284606137
51.47530207408592
51.364038445649314
51.25335708068709
51.14325315454752
51.0337218971949
50.92475859242649
50.81635857710322
50.70851724039347
50.60123002303009
50.49449241658007
50.388299962726734
50.282648252564144
50.17753292590367
50.072949670592095
49.9688942218415
49.865362361570256
49.76234991775524
49.659852763794795
49.55786681788258
49.4563880423914
49.35541244326789
49.25493606943665
49.15495501221469
49.05546540473519
48.95646342138094
48.85794527722698
48.759907227492356
48.6623455670008
48.56525662965019
48.46863678789064
48.37248245221087
48.27679007063309
48.181556128215796
48.08677714656461
47.99244968335091
47.89857033183817
47.8051357204158
47.71214251214032
47.61958740428389
47.527467127889835
47.43577844733524
47.344518159900346
47.2536830953447
47.16327011548988
47.073276113808774
46.98369801502111
46.894532774695335
46.805777378856575
46.71742884360067
46.62948421471407
46.54194056729954
46.454795005407675
46.368044661673856
46.28168669696086
46.19571830000678
46.1101366870783
46.024939101629194
45.94012281396387
45.855685120906074
45.771623345472484
45.68793483655108
45.60461696858446
45.52166714125765
45.43908277919075
45.35686133163586
45.27500027217871
45.19349709844442
45.11234933180779
45.03155451710763
44.951110222365365
44.871014038507674
44.79126357909314
44.71185648004286
44.63279039937497
44.55406301694284
44.47567203417726
44.397615173832044
44.3198901797335
44.24249481653329
44.16542686946484
44.0886841441033
44.01226446612872
43.93616568109268
43.86038565418819
43.78492227002275
43.709773432394634
43.63493706407228
43.560411106576765
43.486193519967244
43.41228228262943
43.33867539106691
43.265370859695466
43.19236672064005
43.11966102353471
43.047251835325135
42.97513724007387
42.90331533876841
42.83178424913155
42.760542105434624
42.68958705831307
42.61891727458452
42.54853093706942
42.478426244413946
42.40860141091536
42.339054666349696
42.26978425580165
42.20078843949691
42.132065492636514
42.06361370523353
41.99543138195187
41.92751684194713
41.85986841870968
41.79248445990972
41.7253633272443
41.65850339628649
41.5919030563364
41.525560710274135
41.45947477441474
41.39364367836493
41.32806586488171
41.26273978973284
41.19766392155904
41.13283674173793
41.06825674424987
41.00392243554534
40.939832334414035
40.87598497185575
40.81237889095273
40.74901264674376
40.685884806099764
40.62299394760103
40.56033866141596
40.49791754918127
40.4357292238838
40.373772309743735
40.31204544209928
40.250547267292795
40.1892764425583
40.12823163591042
40.06741152603465
40.00681480217902
39.94644016404709
39.88628632169217
39.82635199541296
39.766635915650376
39.70713682288567
39.6478534675398
39.58878460987395
39.52992901989135
39.47128547724024
39.41285277111795
39.35462970017626
39.29661507242776
39.238807705153405
39.1812064248112
39.12381006694588
39.06661747609975
39.009627505724595
38.952839018094515
38.89625088421993
38.83986198376254
38.78367120495125
38.72767744449914
38.67187960752145
38.61627660745433
38.56086736597486
38.50565081292161
38.45062588621651
38.39579153178735
38.341146703491354
38.28669036303945
38.23242147992162
38.17833903133298
38.12444200210078
38.07072938461215
38.01720017874276
37.96385339178627
37.91068803838459
37.85770314045889
37.804897727141444
37.752270834708256
37.69982150651237
37.647548792918016
37.59545175123548
37.54352944565666
37.49178094719141
37.44020533360454
37.38880168935355
37.33756910552708
37.28650667978401
37.2356135162932
37.184888725674035
37.13433142493745
37.083940737427746
37.033715792764994
36.98365572678808
36.93375968149832
36.88402680500381
36.83445625146431
36.785047181036695
36.73579875982109
36.68671015980753
36.63778055882323
36.589009140480385
36.540395094124605
36.491937614783794
36.44363590311774
36.39548916536809
36.347496613308955
36.29965746419803
36.251970940728185
36.20443627097966
36.15705268837272
36.10981943162077
36.06273574468406
36.01580087672383
35.96901408205694
35.92237462011094
35.87588175537978
35.829534757379705
35.78333290060588
35.73727546448936
35.69136173335444
35.6455909963766
35.59996254754076
35.55447568560003
35.50912971403493
35.46392394101287
35.418857679348285
35.373930246462955
35.32914096434691
35.28448915951963
35.23997416299166
35.19559531022667
35.151351941103876
35.10724339988077
35.06326903515639
35.0194281998348
34.975720251089065
34.932144550325496
34.888700463148325
34.84538735932471
34.8022046127501
34.759151601413954
34.71622770736574
34.67343231668141
34.63076481943007
34.5882246096411
34.5458110852715
34.50352364817361
34.4613617040632
34.41932466248778
34.377411936795276
34.335622944103044
34.293957105267104
34.2524138448518
34.210992591099625
34.16969277590146
34.12851383476699
34.087455206795546
34.04651633464712
34.00569666451368
33.96499564609083
33.92441273254969
33.88394738050904
33.84359905000777
33.80336720447758
33.763251310715965
33.7232508388594
33.68336526235686
33.64359405794354
33.60393670561485
33.56439268860068
33.524961493339845
33.485642609454835
33.446435529726806
33.40733975007074
33.368354769510944
33.329480090156714
33.290715217178224
33.252059658782656
33.21351292619062
33.17507453361264
33.13674399822609
33.09852084015207
33.06040458243277
33.02239475100884
32.9844908746971
32.94669248516837
32.90899911692557
32.87141030728202
32.833925596339874
32.79654452696883
32.759266644785015
32.722091498130055
32.68501863805032
32.64804761827641
32.61117799520278
32.574409327867606
32.53774117793276
32.501173109664045
32.46470468991157
32.42833548809029
32.39206507616078
32.35589302861014
32.31981892243304
32.28384233711303
32.247962854603955
32.21218005931153
32.17649353807512
32.14090288014967
32.10540767718778
32.07000752322196
32.03470201464704
31.999490750202728
31.964373330956352
31.929349360285695
31.89441844386209
31.859580189633522
31.82483420780802
31.790180110837092
31.755617513399383
31.721146032384386
31.686765286876433
31.652474898138678
31.618274489597326
31.584163686825967
31.550142117530008
31.516209411531328
31.482365200752973
31.44860911920408
31.41494080296481
31.381359890171563
31.3478660210022
31.314458837661427
31.28113798436632
31.247903107332007
31.21475385475739
31.181689876811053
31.148710825617275
31.115816355242156
31.0830061216799
31.05027978283914
31.017636998529436
30.985077430447916
30.952600742165934
30.920206599115954
30.88789466857845
30.85566461966897
30.823516123325316
30.791448852294803
30.759462481121613
30.72755668613435
30.69573114543354
30.663985538879402
30.632319548079604
30.600732856377185
30.569225148838537
30.53779611224155
30.50644543506377
30.4751728074707
30.44397792130425
30.412860470071184
30.381820148931713
30.35085665468821
30.319969685773973
30.289158942242093
30.258424125754406
30.227764939570587
30.197181088537274
30.16667227907728
30.13623821917895
30.105878618385564
30.075593187784822
30.045381639998435
30.015243689171815
29.98517905096376
29.955187442536392
29.925268582544984
29.895422191128002
29.865647989897187
29.835945701927724
29.80631505174844
29.7767557653322
29.74726757008623
29.717850194842633
29.68850336984893
29.659226826758704
29.630020298622277
29.60088351987751
29.571816226340648
29.54281815519723
29.51388904499313
29.485028635625557
29.45623666833426
29.427512885692707
29.398857031599352
29.370268851269014
29.341748091224293
29.31329449928703
29.284907824569856
29.25658781746786
29.228334229650223
29.200146814051983
29.172025324865864
29.143969517534128
29.11597914874054
29.08805397640237
29.060193759662447
29.032398258881305
29.004667235629366
28.97700045267918
28.94939767399777
28.921858664738934
28.894383191235786
28.86697102099312
28.839621922680053
28.81233566612257
28.78511202229622
28.75795076331882
28.7308516624432
28.703814494050093
28.67683903364097
28.649925057830984
28.62307234434197
28.59628067199549
28.569549820705937
28.542879571473673
28.516269706378218
28.489720008571553
28.463230262271356
28.43680025275443
28.41042976635006
28.384118590433463
28.35786651341934
28.331673324755386
28.305538814915906
28.279462775395473
28.253444998702612
28.22748527835356
28.201583408866032
28.175739185753095
28.14995240551702
28.124222865643222
28.09855036459425
28.07293470180376
28.047375677670647
28.0218730935531
27.99642675176277
27.97103645555894
27.945702009142824
27.920423217651777
27.895199887153662
27.87003182464119
27.84491883802633
27.819860736134768
27.794857328700363
27.76990842635971
27.745013840646685
27.720173383987042
27.69538686969309
27.67065411195834
27.645974925852258
27.621349127315014
27.596776533152276
27.572256961030067
27.547790229469605
27.523376157842232
27.499014566364394
27.474705276092557
27.450448108918284
27.426242887563266
27.402089435574428
27.37798757731903
27.35393713797986
27.32993794355041
27.3059898208301
27.28209259741956
27.258246101715933
27.23445016290819
27.210704610972478
27.187009276667553
27.163363991530197
27.13976858787069
27.116222898768257
27.092726758066675
27.069280000369744
27.045882461036946
27.022533976179023
26.99923438265365
26.975983518061103
26.95278122073996
26.92962732976288
26.90652168493235
26.88346412677647
26.860454496544808
26.837492636204257
26.814578388434917
26.791711596625994
26.768892104871785
26.74611975796762
26.72339440140585
26.70071588137193
26.678084044740416
26.655498739071078
26.632959812605005
26.61046711426074
26.588020493630445
26.565619800976084
26.54326488722565
26.5209556039694
26.498691803456108
26.476473338589397
26.454300062924005
26.432171830662174
26.41008849664999
26.388049916373777
26.36605594595654
26.344106442154377
26.32220126235296
26.300340264563992
26.27852330742179
26.256750250179746
26.235020952706936
26.21333527548469
26.191693079603176
26.170094226758067
26.148538579247152
26.127025999967064
26.105556352409895
26.084129500660016
26.06274530939072
26.04140364386105
26.020104369912552
25.998847353966095
25.977632463018676
25.95645956464029
25.935328526970785
25.91423921871676
25.893191509148462
25.872185268096718
25.85122036594991
25.830296673650896
25.809414062694042
25.78857240512223
25.76777157352386
25.747011441029915
25.72629188131104
25.705612768574607
25.68497397756183
25.664375383544918
25.643816862324172
25.62329829022517
25.602819544095954
25.582380501304236
25.56198103973458
25.541621037785674
25.521300374367595
25.501018928899008
25.480776581304543
25.460573212012047
25.440408701949927
25.420282932544488
25.400195785717287
25.380147143882528
25.36013688994441
25.340164907294593
25.32023107980958
25.300335291848185
25.28047742824896
25.26065737432771
25.24087501587496
25.221130239153457
25.201422930895703
25.181752978301496
25.16212026903548
25.142524691224704
25.122966133456227
25.103444484774688
25.083959634679964
25.064511473124746
25.045099890512265
25.025724777693856
25.00638602596668
24.987083527071444
24.96781717319004
24.94858685694332
24.92939247138878
24.91023391001836
24.891111066756153
24.872023835956213
24.852972112400337
24.83395579129586
24.81497476827346
24.796028939385042
24.77711820110151
24.758242450310654
24.739401584315047
24.72059550082989
24.701824097980918
24.68308727430231
24.66438492873463
24.645716960622728
24.627083269713708
24.60848375615489
24.58991832049178
24.57138686366605
24.55288928701354
24.53442549226225
24.515995381530413
24.497598857324466
24.47923582253713
24.460906180445473
24.44260983470895
24.424346689367535
24.406116648839742
24.387919617920815
24.36975550178075
24.351624205962533
24.333525636380163
24.315459699316882
24.297426301423325
24.279425349715655
24.26145675157379
24.243520414739564
24.225616247314964
24.20774415776032
24.189904054892537
24.172095847883345
24.15431944625754
24.136574759891232
24.11886169901013
24.101180174187803
24.083530096344006
24.065911376742925
24.048323926991543
24.030767659037913
24.013242485169506
23.99574831801158
23.97828507052547
23.960852656006995
23.94345098808482
23.9260799807188
23.908739548198422
23.891429605141166
23.874150066490913
23.85690084751638
23.839681863809524
23.822493031284008
23.80533426617361
23.788205485030698
23.771106604724693
23.75403754244052
23.73699821567712
23.7199885422459
23.703008440269283
23.686057828179155
23.669136624715435
23.652244748924556
23.63538212015803
23.61854865807096
23.601744282620615
23.584968914064984
23.56822247296133
23.55150488016476
23.534816056826834
23.51815592439414
23.501524404606883
23.484921419497514
23.468346891389327
23.4518007428951
23.43528289691569
23.418793276638745
23.402331805537248
23.38589840736827
23.369493006171563
23.35311552626826
23.336765892259567
23.320444029025403
23.30414986172313
23.28788331578624
23.27164431692306
23.255432791115478
23.239248664617648
23.223091863954725
23.20696231592161
23.190859947581693
23.17478468626558
23.158736459569884
23.142715195355954
23.126720821748687
23.110753267135284
23.094812460164007
23.078898329743037
23.063010805039216
23.04714981547688
23.031315290736657
23.0155071607543
22.99972535571949
22.983969806074704
22.968240442514027
22.952537195981996
22.93685999767245
22.921208779027417
22.905583471735945
22.889984007732973
22.874410319198244
22.858862338555152
22.843339998469627
22.82784323184906
22.812371971841195
22.796926151833013
22.781505705449675
22.766110566553433
22.750740669242532
22.735395947850186
22.72007633694347
22.704781771322292
22.68951218601834
22.674267516294005
22.65904769764139
22.643852665781246
22.62868235666193
22.61353670645842
22.598415651571266
22.58331912862561
22.568247074470136
22.5531994261761
22.538176121036336
22.523177096564254
22.50820229049285
22.493251640773746
22.478325085576195
22.46342256328614
22.448544012505213
22.433689372049813
22.41885858095012
22.404051578449177
22.38926830400193
22.37450869727429
22.359772698142216
22.345060246690743
22.33037128321313
22.315705748209876
22.301063582387844
22.28644472665933
22.271849122141198
22.25727671015393
22.242727432220764
22.228201230066805
22.213698045618127
22.1992178210009
22.184760498540527
22.170326020760747
22.155914330382785
22.141525370324512
22.12715908369954
22.112815413816403
22.09849430417772
22.08419569847931
22.0699195406094
22.055665774647764
22.04143434486487
22.027225195721133
22.013038271866005
21.99887351813721
21.984730879559912
21.970610301345925
21.956511728892877
21.94243510778345
21.92838038378455
21.914347502846528
21.900336411102405
21.886347054867077
21.872379380636513
21.858433335087035
21.844508865074488
21.830605917633513
21.81672443997677
21.802864379494164
21.789025683752122
21.775208300492814
21.761412177633414
21.747637263265364
21.73388350565362
21.72015085323593
21.70643925462208
21.69274865859319
21.67907901410098
21.665430270267052
21.65180237638216
21.638195281905503
21.624608936464025
21.6110432898517
21.597498292028806
21.58397389312129
21.57047004341999
21.556986693380015
21.543523793620007
21.530081294921477
21.516659148228122
21.50325730464515
21.489875715438583
21.476514332034625
21.46317310601896
21.44985198913609
21.436550933288707
21.423269890536982
21.410008813097967
21.396767653344895
21.38354636380656
21.370344897166664
21.357163206263174
21.3440012440877
21.33085896378482
21.317736318651505
21.30463326213643
21.291549747839397
21.278485729510688
21.265441161050447
21.252415996508063
21.239410190081575
21.22642369611704
21.21345646910793
21.20050846369454
21.187579634663365
21.17466993694653
21.161779325621175
21.14890775590886
21.136055183174992
21.12322156292823
21.110406850819896
21.097611002643408
21.08483397433368
21.072075721966577
21.059336201758313
21.046615370064913
21.03391318338161
21.021229598342313
21.00856457171903
20.995918060421317
20.98329002149571
20.970680412125187
20.95808918962862
20.9455163114602
20.93296173520893
20.920425418598068
20.90790731948457
20.895407395858562
20.882925605842846
20.870461907692306
20.858016259793406
20.845588620663683
20.83317894895119
20.820787203433998
20.808413343019666
20.796057326744734
20.78371911377419
20.77139866340099
20.7590959350455
20.746810888255073
20.73454348270343
20.722293678190276
20.710061434640703
20.697846712104766
20.685649470756946
20.673469670895678
20.661307272942842
20.6491622374433
20.637034525064397
20.624924096595475
20.612830912947402
20.600754935152096
20.588696124362034
20.576654441849787
20.564629849007567
20.55262230734672
20.5406317784973
20.528658224207557
20.51670160634353
20.50476188688855
20.49283902794278
20.48093299172279
20.469043740561066
20.45717123690559
20.445315443319366
20.433476322479994
20.421653837179207
20.40984795032243
20.39805862492836
20.386285824128507
20.37452951116675
20.36278964939893
20.351066202292387
20.339359133425553
20.32766840648751
20.315993985277576
20.304335833704855
20.292693915787844
20.281068195653983
20.269458637539284
20.25786520578785
20.24628786485151
20.234726579289376
20.223181313767462
20.21165203305824
20.20013870204026
20.18864128569773
20.177159749120126
20.165694057501767
20.154244176141447
20.142810070442003
20.131391705909948
20.11998904815506
20.108602062889993
20.0972307159299
20.085874973192016
20.07453480069529
20.063210164559997
20.051901031007368
20.040607366359172
20.02932913703738
20.018066309563746
20.006818850559455
19.995586726744754
19.984369904938564
19.973168352058103
19.961982035118528
19.950810921232573
19.939654977610164
19.928514171558078
19.917388470479555
19.906277841873944
19.895182253336372
19.884101672557343
19.873036067322396
19.86198540551177
19.850949655100017
19.839928784155685
19.82892276084095
19.817931553411256
19.806955130214988
19.79599345969313
19.785046510378898
19.774114250897412
19.763196649965362
19.75229367639065
19.741405299072074
19.730531486998977
19.71967220925092
19.708827434997332
19.697997133497207
19.687181274098755
19.67637982623907
19.66559275944382
19.654820043326907
19.644061647590142
19.633317542022933
19.622587696501963
19.611872080990842
19.601170665539836
19.59048342028552
19.579810315450448
19.569151321342883
19.558506408356443
19.547875546969816
19.537258707746428
19.526655861334145
19.516066978464984
19.50549202995477
19.494930986702858
19.484383819691814
19.473850499987133
19.463330998736918
19.45282528717159
19.442333336603582
19.431855118427062
19.421390604117608
19.410939765231948
19.40050257340763
19.390079000362768
19.379669017895715
19.3692725978848
19.358889712288043
19.348520333142837
19.33816443256569
19.327821982751953
19.31749295597548
19.307177324588423
19.296875061020895
19.286586137780706
19.276310527453102
19.266048202700453
19.255799136262027
19.245563300953663
19.235340669667526
19.22513121537185
19.21493491111063
19.20475173000337
19.194581645244828
19.18442463010473
19.174280657927508
19.16414970213204
19.15403173621138
19.143926733732496
19.13383466833602
19.123755513735972
19.113689243719502
19.10363583214664
19.093595252950045
19.083567480134725
19.0735524877778
19.063550250028253
19.05356074110665
19.04358393530493
19.033619806986113
19.023668330584073
19.013729480603292
19.003803231618598
18.993889558274923
18.98398843528707
18.974099837439457
18.964223739585876
18.95436011664924
18.944508943621365
18.934670195562717
18.92484384760217
18.915029874936767
18.90522825283149
18.895438956619024
18.88566196169952
18.87589724354034
18.866144777675867
18.856404539707235
18.84667650530212
18.836960650194495
18.827256950184406
18.81756538113774
18.807885918986024
18.798218539726147
18.788563219420183
18.77891993419514
18.769288660242747
18.75966937381923
18.750062051245084
18.74046666890485
18.730883203246925
18.72131163078329
18.71175192808934
18.702204071803646
18.692668038627733
18.683143805325887
18.673631348724907
18.664130645713925
18.654641673244175
18.645164408328785
18.635698828042557
18.626244909521784
18.616802629964006
18.60737196662783
18.5979528968327
18.58854539795871
18.57914944744638
18.56976502279647
18.56039210156976
18.551030661386857
18.54168067992798
18.532342134932776
18.523015004200104
18.51369926558785
18.504394897012713
18.49510187645
18.485820181933462
18.476549791555065
18.46729068346481
18.45804283587053
18.448806227037696
18.439580835289238
18.430366639005324
18.421163616623197
18.411971746636972
18.402791007597433
18.393621378111877
18.384462836843877
18.37531536251314
18.36617893389529
18.3570535298217
18.34793912917929
18.338835710910363
18.329743254012385
18.320661737537844
18.311591140594032
18.302531442342893
18.29348262200082
18.28444465883847
18.27541753218062
18.26640122140593
18.257395705946823
18.248400965289274
18.239416978972642
18.23044372658948
18.2214811877854
18.21252934225883
18.203588169760913
18.194657650095287
18.18573776311792
18.176828488736955
18.16792980691251
18.15904169765654
18.150164141032647
18.141297117155897
18.132440606192702
18.123594588360582
18.114759043928057
18.105933953214446
18.097119296589725
18.08831505447433
18.07952120733903
18.070737735704732
18.06196462014233
18.05320184127254
18.044449379765744
18.035707216341823
18.026975331770004
18.018253706868673
18.009542322505247
18.00084115959601
17.99215019910593
17.983469422048536
17.97479880948573
17.96613834252765
17.95748800233251
17.94884777010644
17.940217627103337
17.931597554624698
17.922987534019494
17.914387546683976
17.905797574061577
17.897217597642697
17.88864759896461
17.880087559611272
17.871537461213197
17.862997285447296
17.854467014036715
17.845946628750728
17.837436111404546
17.828935443859184
17.82044460802133
17.81196358584318
17.803492359322302
17.795030910501485
17.786579221468596
17.778137274356446
17.769705051342637
17.761282534649418
17.752869706543557
17.744466549336178
17.73607304538264
17.72768917708238
17.719314926878788
17.710950277259062
17.702595210754062
17.69424970993819
17.685913757429223
17.67758733588821
17.669270428019303
17.660963016569657
17.652665084329254
17.6443766141308
17.63609758884957
17.62782799140329
17.619567804751995
17.61131701189789
17.60307559588523
17.59484353980018
17.586620826770687
17.578407439966345
17.570203362598274
17.562008577918974
17.55382306922221
17.54564681984288
17.537479813156875
17.529322032580964
17.52117346157267
17.513034083630124
17.504903882291963
17.496782841137172
17.488670943784996
17.48056817389478
17.47247451516587
17.464389951337473
17.45631446618855
17.448248043537664
17.440190667242888
17.43214232120167
17.4241029893507
17.416072655665808
17.40805130416183
17.40003891889249
17.392035483950295
17.38404098346638
17.37605540161043
17.368078722590525
17.36011093065305
17.352152010082566
17.344201945201686
17.336260720370962
17.328328319988785
17.320404728491237
17.312489930352005
17.304583910082243
17.296686652230484
17.288798141382486
17.280918362161167
17.27304729922644
17.265184937275155
17.257331261040925
17.249486255294066
17.24164990484146
17.233822194526446
17.226003109228714
17.21819263386419
17.210390753384928
17.202597452778996
17.194812717070374
17.187036531318842
17.179268880619862
17.171509750104487
17.163759124939244
17.156016990326016
17.148283331501954
17.14055813373937
17.132841382345607
17.125133062662957
17.117433160068543
17.10974165997423
17.102058547826495
17.09438380910634
17.086717429329184
17.079059394044773
17.07140968883704
17.063768299324046
17.056135211157844
17.0485104100244
17.040893881643466
17.033285611768523
17.025685586186615
17.01809379071832
17.01051021121759
17.00293483357168
16.995367643701048
16.987808627559257
16.980257771132862
16.97271506044132
16.96518048153691
16.957654020504584
16.950135663461943
16.942625396559066
16.935123205978478
16.927629077935002
16.920142998675686
16.912664954479723
16.90519493165832
16.897732916554634
16.890278895543652
16.88283285503213
16.875394781458457
16.867964661292604
16.86054248103599
16.853128227221422
16.84572188641299
16.838323445205965
16.830932890226734
16.823550208132666
16.81617538561207
16.80880840938406
16.801449266198503
16.794097942835894
16.78675442610729
16.779418702854212
16.772090759948547
16.76477058429248
16.757458162818388
16.75015348248876
16.742856530296095
16.735567293262836
16.728285758441267
16.721011912913436
16.713745743791055
16.70648723821542
16.699236383357338
16.691993166417017
16.684757574623998
16.677529595237058
16.670309215544137
16.663096422862246
16.655891204537383
16.648693547944447
16.641503440487167
16.634320869598003
16.627145822738054
16.619978287397014
16.61281825109305
16.605665701372732
16.598520625810966
16.591383012010887
16.5842528476038
16.577130120249073
16.5700148176341
16.562906927474152
16.55580643751238
16.548713335519658
16.541627609294554
16.53454924666324
16.527478235479382
16.520414563624104
16.513358219005887
16.50630918956049
16.49926746325088
16.49223302806715
16.485205872026448
16.47818598317287
16.471173349577434
16.46416795933796
16.457169800579013
16.450178861451814
16.443195130134193
16.43621859483047
16.429249243771412
16.422287065214157
16.415332047442114
16.40838417876491
16.401443447518314
16.39450984206416
16.387583350790262
16.380663962110365
16.373751664464038
16.366846446316632
16.359948296159196
16.3530572025084
16.346173153906456
16.33929613892107
16.332426146145348
16.32556316419774
16.318707181721944
16.311858187386857
16.305016169886514
16.29818111793998
16.291353020291314
16.28453186570948
16.277717642988282
16.2709103409463
16.264109948426814
16.257316454297733
16.250529847451535
16.243750116805185
16.236977251300072
16.23021123990196
16.223452071600875
16.216699735411094
16.209954220371024
16.20321551554317
16.19648361001406
16.189758492894157
16.18304015331783
16.17632858044325
16.16962376345236
16.162925691550765
16.15623435396771
16.149549739955987
16.14287183879188
16.1362006397751
16.12953613222871
16.12287830549908
16.116227148955794
16.10958265199162
16.102944804022414
16.09631359448707
16.08968901284748
16.083071048588412
16.076459691217497
16.06985493026517
16.06325675528455
16.056665155851448
16.050080121564253
16.0435016420439
16.03692970693379
16.030364305899738
16.023805428629906
16.017253064834744
16.010707204246927
16.00416783662131
15.997634951734831
15.99110853938649
15.984588589397264
15.978075091610055
15.97156803588963
15.965067412122561
15.958573210217162
15.952085420103433
15.945604031733009
15.939129035079073
15.932660420136344
15.92619817692096
15.91974229547048
15.913292765843778
15.906849578121003
15.900412722403539
15.893982188813904
15.887557967495745
15.881140048613739
15.874728422353554
15.86832307892179
15.861924008545923
15.855531201474246
15.849144647975814
15.84276433834039
15.836390262878385
15.8300224119208
15.823660775819189
15.81730534494557
15.810956109692405
15.804613060472521
15.798276187719063
15.791945481885442
15.785620933445282
15.779302532892354
15.77299027074053
15.766684137523734
15.760384123795886
15.75409022013083
15.747802417122314
15.7415207053839
15.73524507554895
15.728975518270538
15.72271202422141
15.71645458409395
15.710203188600092
15.703957828471296
15.697718494458488
15.691485177332003
15.685257867881534
15.67903655691609
15.672821235263932
15.666611893772536
15.660408523308524
15.65421111475763
15.648019659024637
15.641834147033336
15.635654569726462
15.629480918065672
15.623313183031453
15.617151355623108
15.61099542685869
15.604845387774958
15.59870122942732
15.59256294288979
15.58643051925494
15.580303949633853
15.574183225156053
15.568068336969498
15.56195927624048
15.555856034153628
15.549758601911812
15.543666970736139
15.537581131865865
15.531501076558385
15.525426796089155
15.519358281751655
15.513295524857357
15.507238516735645
15.501187248733798
15.495141712216936
15.489101898567958
15.483067799187516
15.477039405493956
15.471016708923276
15.46499970092908
15.45898837298253
15.452982716572302
15.446982723204542
15.440988384402809
15.434999691708054
15.429016636678549
15.423039210889854
15.417067405934775
15.411101213423315
15.405140624982618
15.399185632256948
15.393236226907632
15.38729240061301
15.381354145068396
15.375421451986046
15.369494313095093
15.36357272014151
15.357656664888083
15.35174613911435
15.345841134616554
15.339941643207622
15.334047656717097
15.328159166991108
15.322276165892328
15.31639864529993
15.310526597109543
15.304660013233208
15.29879888559934
15.29294320615268
15.28709296685426
15.281248159681365
15.275408776627467
15.269574809702215
15.263746250931383
15.25792309235681
15.25210532603638
15.246292944043983
15.240485938469456
15.23468430141856
15.228888025012923
15.223097101390014
15.217311522703099
15.21153128112119
15.205756368829018
15.19998677802699
15.194222500931144
15.188463529773117
15.182709856800098
15.176961474274782
15.171218374475357
15.165480549695442
15.159747992244041
15.154020694445531
15.148298648639608
15.142581847181235
15.136870282440631
15.131163946803213
15.125462832669562
15.119766932455384
15.114076238591478
15.108390743523694
15.102710439712885
15.097035319634886
15.091365375780468
15.0857006006553
15.080040986779908
15.074386526689652
15.068737212934666
15.063093038079845
15.05745399470479
15.051820075403775
15.04619127278572
15.040567579474143
15.034948988107123
15.029335491337275
15.023727081831705
15.018123752271967
15.012525495354046
15.006932303788307
15.00134417029946
14.995761087626525
14.990183048522804
14.984610045755835
14.979042072107367
14.973479120373314
14.967921183363723
14.96236825390274
14.956820324828579
14.951277388993484
14.945739439263683
14.940206468519378
14.934678469654685
14.92915543557761
14.923637359210023
14.918124233487601
14.912616051359828
14.907112805789922
14.901614489754825
14.896121096245171
14.890632618265245
14.885149048832929
14.879670380979713
14.87419660775063
14.86872772220422
14.863263717412517
14.857804586461
14.852350322448567
14.846900918487496
14.841456367703417
14.836016663235284
14.830581798235329
14.825151765869037
14.819726559315116
14.81430617176546
14.808890596425115
14.803479826512259
14.798073855258147
14.792672675907108
14.787276281716483
14.781884665956616
14.776497821910814
14.771115742875313
14.765738422159247
14.76036585308462
14.754998028986279
14.749634943211857
14.744276589121784
14.73892296008922
14.73357404950004
14.728229850752795
14.7228903572587
14.717555562441573
14.71222545973783
14.706900042596441
14.701579304478908
14.696263238859226
14.69095183922385
14.685645099071692
14.68034301191405
14.675045571274607
14.669752770689394
14.664464603706755
14.659181063887317
14.653902144803972
14.648627840041835
14.643358143198219
14.63809304788261
14.632832547716623
14.627576636333991
14.622325307380525
14.617078554514089
14.611836371404566
14.606598751733832
14.601365689195731
14.596137177496047
14.590913210352463
14.585693781494541
14.580478884663695
14.575268513613164
14.570062662107977
14.56486132392493
14.559664492852551
14.554472162691082
14.54928432725244
14.544100980360202
14.538922115849566
14.533747727567324
14.528577809371846
14.523412355133035
14.518251358732314
14.51309481406259
14.507942715028223
14.502795055545025
14.49765182954019
14.492513030952303
14.487378653731296
14.482248691838427
14.477123139246245
14.472001989938578
14.466885237910489
14.461772877168258
14.456664901729363
14.451561305622436
14.446462082887251
14.441367227574693
14.436276733746729
14.431190595476382
14.426108806847711
14.421031361955784
14.415958254906638
14.410889479817273
14.405825030815617
14.40076490204049
14.39570908764161
14.390657581779521
14.385610378625605
14.380567472362046
14.375528857181797
14.370494527288566
14.36546447689678
14.360438700231562
14.355417191528716
14.350399945034695
14.345386955006568
14.340378215712006
14.335373721429258
14.330373466447114
14.325377445064898
14.32038565159243
14.315398080349997
14.31041472566835
14.305435581888661
14.3004606433625
14.29548990445182
14.290523359528928
14.285561002976447
14.28060282918733
14.275648832564789
14.27069900752231
14.265753348483596
14.26081184988257
14.255874506163341
14.250941311780183
14.246012261197492
14.241087348889803
14.236166569341725
14.231249917047943
14.226337386513187
14.221428972252204
14.216524668789742
14.211624470660523
14.206728372409232
14.201836368590465
14.196948453768737
14.192064622518442
14.187184869423838
14.182309189079021
14.177437576087888
14.172570025064154
14.167706530631284
14.162847087422495
14.157991690080733
14.153140333258643
14.148293011618557
14.143449719832452
14.138610452581956
14.133775204558301
14.128943970462311
14.124116745004383
14.119293522904462
14.11447429889202
14.109659067706028
14.104847824094943
14.100040562816679
14.095237278638596
14.090437966337465
14.085642620699458
14.080851236520115
14.076063808604333
14.071280331766342
14.066500800829681
14.061725210627175
14.056953556000924
14.052185831802268
14.047422032891776
14.042662154139219
14.037906190423561
14.03315413663292
14.028405987664554
14.023661738424856
14.018921383829303
14.014184918802462
14.009452338277963
14.004723637198465
13.99999881051565
13.995277853190203
13.990560760191778
13.985847526498992
13.981138147099397
13.976432616989468
13.971730931174566
13.967033084668937
13.962339072495682
13.95764888968674
13.952962531282859
13.948279992333594
13.943601267897272
13.938926353040983
13.934255242840546
13.929587932380503
13.924924416754095
13.92026469106324
13.915608750418517
13.910956589939145
13.906308204752959
13.901663589996403
13.8970227408145
13.892385652360833
13.887752319797526
13.883122738295244
13.878496903033133
13.873874809198844
13.869256451988488
13.86464182660663
13.860030928266253
13.85542375218876
13.850820293603949
13.846220547749985
13.841624509873386
13.837032175229014
13.832443539080039
13.827858596697935
13.823277343362465
13.818699774361635
13.81412588499171
13.809555670557176
13.804989126370725
13.800426247753238
13.79586703003377
13.791311468549528
13.78675955864585
13.782211295676195
13.777666675002113
13.773125691993245
13.768588342027286
13.764054620489985
13.759524522775113
13.754998044284445
13.750475180427756
13.745955926622798
13.741440278295267
13.736928230878814
13.732419779814993
13.72791492055328
13.723413648551022
13.718915959273454
13.714421848193647
13.70993131079251
13.705444342558772
13.700960938988965
13.696481095587398
13.692004807866155
13.687532071345059
13.683062881551672
13.678597234021268
13.674135124296823
13.669676547928985
13.66522150047608
13.66076997750408
13.656321974586577
13.651877487304782
13.64743651124751
13.642999042011155
13.638565075199672
13.634134606424565
13.629707631304875
13.625284145467155
13.620864144545452
13.616447624181303
13.61203458002371
13.607625007729121
13.603218902961427
13.59881626139192
13.594417078699317
13.590021350569701
13.585629072696532
13.581240240780629
13.576854850530133
13.572472897660523
13.568094377894578
13.563719286962366
13.55934762060123
13.554979374555769
13.550614544577833
13.54625312642649
13.541895115868025
13.537540508675917
13.533189300630829
13.528841487520582
13.524497065140153
13.520156029291647
13.515818375784297
13.511484100434432
13.507153199065474
13.502825667507912
13.498501501599296
13.494180697184223
13.489863250114311
13.48554915624819
13.481238411451493
13.47693101159683
13.47262695256378
13.46832623023888
13.464028840515592
13.459734779294315
13.455444042482345
13.451156625993876
13.446872525749976
13.442591737678587
13.438314257714485
13.434040081799294
13.429769205881446
13.42550162591619
13.421237337865556
13.416976337698356
13.41271862139016
13.408464184923286
13.404213024286788
13.399965135476439
13.395720514494707
13.391479157350759
13.38724106006044
13.383006218646251
13.378774629137341
13.374546287569494
13.370321189985114
13.36609933243321
13.361880710969379
13.357665321655801
13.353453160561214
13.34924422376091
13.345038507336717
13.340836007376982
13.33663671997656
13.332440641236802
13.32824776726554
13.32405809417707
13.319871618092144
13.315688335137956
13.31150824144812
13.30733133316267
13.30315760642803
13.298987057397017
13.294819682228818
13.290655477088983
13.286494438149399
13.282336561588291
13.2781818435902
13.274030280345972
13.269881868052753
13.26573660291396
13.261594481139275
13.257455498944637
13.253319652552229
13.249186938190448
13.245057352093918
13.240930890503455
13.236807549666066
13.232687325834933
13.2285702152694
13.224456214234955
13.220345319003227
13.216237525851971
13.212132831065047
13.208031230932415
13.20393272175012
13.199837299820281
13.19574496145107
13.191655702956718
13.187569520657483
13.183486410879645
13.179406369955492
13.175329394223319
13.171255480027392
13.167184623717956
13.16311682165122
13.159052070189336
13.154990365700389
13.150931704558385
13.146876083143257
13.142823497840807
13.138773945042754
13.134727421146676
13.13068392255601
13.126643445680042
13.12260598693391
13.118571542738563
13.114540109520771
13.110511683713105
13.106486261753918
13.102463840087351
13.098444415163303
13.094427983437434
13.090414541371143
13.086404085431555
13.082396612091516
13.078392117829587
13.074390599130009
13.070392052482719
13.066396474383321
13.06240386133308
13.0584142098389
13.054427516413341
13.050443777574573
13.046462989846383
13.042485149758164
13.038510253844892
13.034538298647137
13.030569280711017
13.026603196588232
13.022640042835995
13.018679816017082
13.014722512699775
13.010768129457876
13.006816662870682
13.002868109522982
12.998922466005036
12.99497972891258
12.991039894846807
12.987102960414335
12.983168922227236
12.979237776902997
12.975309521064522
12.971384151340098
12.96746166436342
12.963542056773552
12.959625325214926
12.955711466337334
12.951800476795913
12.947892353251127
12.94398709236878
12.940084690819969
12.936185145281113
12.93228845243391
12.928394608965345
12.924503611567667
12.920615456938394
12.916730141780286
12.912847662801342
12.908968016714796
12.905091200239092
12.901217210097878
12.89734604302001
12.893477695739522
12.889612164995626
12.885749447532694
12.881889540100259
12.878032439452998
12.874178142350718
12.870326645558354
12.866477945845954
12.86263203998866
12.858788924766719
12.854948596965462
12.851111053375279
12.847276290791632
12.843444306015035
12.83961509585104
12.835788657110234
12.831964986608225
12.828144081165636
12.824325937608085
12.82051055276619
12.816697923475543
12.812888046576717
12.80908091891524
12.80527653734159
12.801474898711197
12.797675999884415
12.793879837726525
12.790086409107719
12.786295710903094
12.782507739992635
12.778722493261217
12.774939967598588
12.771160159899354
12.767383067062985
12.76360868599379
12.759837013600906
12.756068046798315
12.752301782504802
12.748538217643953
12.744777349144165
12.741019173938614
12.737263688965259
12.73351089116682
12.729760777490785
12.726013344889388
12.722268590319604
12.718526510743136
12.714787103126408
12.711050364440567
12.707316291661451
12.703584881769595
12.699856131750224
12.69613003859323
12.692406599293182
12.688685810849291
12.684967670265435
12.68125217455011
12.677539320716454
12.673829105782225
12.670121526769789
12.666416580706114
12.662714264622766
12.65901457555589
12.65531751054621
12.651623066639011
12.647931240884144
12.644242030336
12.640555432053514
12.636871443100151
12.6331900605439
12.629511281457255
12.62583510291722
12.6221615220053
12.618490535807474
12.614822141414209
12.611156335920437
12.607493116425548
12.603832480033384
12.600174423852245
12.596518944994838
12.592866040578313
12.589215707724241
12.585567943558589
12.581922745211733
12.578280109818435
12.574640034517843
12.571002516453477
12.567367552773222
12.563735140629326
12.56010527717838
12.556477959581319
12.552853185003409
12.549230950614236
12.54561125358771
12.541994091102039
12.538379460339732
12.534767358487588
12.531157782736695
12.527550730282407
12.523946198324344
12.520344184066385
12.516744684716658
12.513147697487527
12.5095532195956
12.505961248261704
12.502371780710874
12.498784814172362
12.495200345879619
12.491618373070287
12.488038892986191
12.484461902873335
12.480887399981885
12.477315381566173
12.473745844884684
12.47017878720004
12.466614205778999
12.463052097892456
12.459492460815415
12.455935291827004
12.452380588210444
12.448828347253059
12.445278566246257
12.441731242485536
12.438186373270456
12.434643955904647
12.4311039876958
12.427566465955648
12.424031387999968
12.420498751148576
12.416968552725317
12.41344079005804
12.409915460478619
12.406392561322926
12.402872089930833
12.399354043646197
12.395838419816847
12.39232521579461
12.388814428935246
12.3853060565985
12.381800096148055
12.378296544951539
12.374795400380515
12.371296659810476
12.367800320620834
12.36430638019491
12.360814835919939
12.357325685187053
12.353838925391267
12.350354553931489
12.346872568210498
12.343392965634942
12.339915743615336
12.336440899566036
12.332968430905261
12.32949833505506
12.32603060944132
12.322565251493742
12.319102258645865
12.315641628335015
12.312183358002347
12.308727445092789
12.305273887055067
12.301822681341694
12.298373825408957
12.294927316716908
12.29148315272936
12.288041330913881
12.284601848741778
12.281164703688109
12.277729893231664
12.274297414854951
12.270867266044204
12.26743944428936
12.264013947084067
12.260590771925672
12.257169916315213
12.253751377757403
12.250335153760645
12.246921241837
12.243509639502204
12.240100344275639
12.236693353680346
12.233288665242998
12.229886276493914
12.226486184967037
12.223088388199935
12.219692883733789
12.216299669113392
12.212908741887135
12.209520099607012
12.206133739828596
12.202749660111047
12.199367858017103
12.195988331113066
12.192611076968808
12.189236093157744
12.18586337725685
12.182492926846637
12.179124739511156
12.175758812837982
12.172395144418221
12.16903373184649
12.16567457272091
12.162317664643115
12.158963005218233
12.15561059205488
12.152260422765158
12.148912494964641
12.14556680627238
12.142223354310888
12.138882136706135
12.135543151087548
12.13220639508799
12.128871866343772
12.12553956249463
12.122209481183734
12.118881620057667
12.115555976766426
12.112232548963425
12.108911334305462
12.105592330452751
12.102275535068872
12.098960945820805
12.095648560378898
12.092338376416869
12.089030391611804
12.085724603644142
12.082421010197674
12.07911960895954
12.075820397620214
12.072523373873508
12.069228535416554
12.065935879949816
12.062645405177056
12.059357108805361
12.056070988545114
12.05278704210999
12.049505267216963
12.046225661586288
12.042948222941497
12.03967294900939
12.036399837520047
12.033128886206793
12.02986009280622
12.026593455058164
12.023328970705702
12.02006663749515
12.016806453176054
12.013548415501184
12.010292522226534
12.007038771111304
12.00378715991791
12.00053768641196
11.997290348362268
11.99404514354083
11.99080206972283
11.987561124686634
11.98432230621377
11.981085612088943
11.977851040100019
11.97461858803801
11.971388253697087
11.968160034874563
11.964933929370888
11.961709934989646
11.958488049537548
11.955268270824423
11.952050596663218
11.948835024869997
11.945621553263916
11.94241017966724
11.939200901905318
11.935993717806602
11.932788625202607
11.929585621927934
11.926384705820263
11.923185874720325
11.91998912647192
11.916794458921899
11.913601869920164
11.910411357319663
11.90722291897637
11.904036552749309
11.900852256500517
11.897670028095064
11.894489865401026
11.891311766289494
11.888135728634568
11.884961750313344
11.881789829205914
11.87861996319536
11.875452150167744
11.872286388012114
11.869122674620483
11.865961007887842
11.862801385712135
11.859643805994267
11.856488266638097
11.853334765550429
11.85018330064101
11.847033869822523
11.843886471010578
11.840741102123719
11.837597761083403
11.834456445814007
11.831317154242814
11.828179884300022
11.825044633918715
11.821911401034882
11.818780183587398
11.81565097951802
11.812523786771393
11.809398603295028
11.806275427039305
11.803154255957471
11.80003508800563
11.796917921142752
11.793802753330633
11.790689582533934
11.78757840672014
11.784469223859578
11.7813620319254
11.778256828893586
11.775153612742931
11.77205238145504
11.768953133014335
11.76585586540804
11.762760576626176
11.759667264661552
11.756575927509772
11.753486563169233
11.750399169641092
11.747313744929295
11.744230287040551
11.741148793984337
11.738069263772884
11.734991694421183
11.731916083946972
11.72884243037074
11.725770731715706
11.722700986007833
11.719633191275808
11.716567345551049
11.713503446867694
11.710441493262595
11.707381482775322
11.704323413448142
11.701267283326027
11.69821309045665
11.695160832890377
11.692110508680255
11.68906211588202
11.686015652554088
11.682971116757543
11.679928506556138
11.676887820016294
11.673849055207093
11.670812210200266
11.667777283070203
11.66474427189393
11.661713174751123
11.658683989724087
11.655656714897766
11.652631348359726
11.64960788820016
11.646586332511875
11.643566679390297
11.640548926933452
11.637533073241983
11.63451911641912
11.631507054570704
11.628496885805152
11.625488608233477
11.622482219969266
11.619477719128696
11.616475103830505
11.613474372196007
11.610475522349072
11.607478552416142
11.604483460526204
11.6014902448108
11.598498903404016
11.595509434442489
11.592521836065378
11.58953610641439
11.586552243633752
11.583570245870217
11.580590111273063
11.577611837994079
11.57463542418757
11.571660868010337
11.568688167621698
11.565717321183465
11.56274832685994
11.559781182817915
11.556815887226675
11.553852438257975
11.55089083408606
11.547931072887636
11.544973152841886
11.542017072130454
11.53906282893744
11.536110421449411
11.533159847855377
11.53021110634679
11.527264195117562
11.524319112364026
11.521375856284964
11.518434425081578
11.515494816957506
11.512557030118803
11.50962106277394
11.506686913133805
11.5037545794117
11.500824059823323
11.49789535258678
11.494968455922582
11.492043368053615
11.489120087205173
11.486198611604921
11.483278939482913
11.48036106907158
11.477444998605726
11.47453072632252
11.471618250461498
11.468707569264565
11.465798680975967
11.462891583842316
11.459986276112568
11.457082756038027
11.454181021872332
11.451281071871465
11.448382904293743
11.4454865173998
11.44259190945261
11.439699078717458
11.43680802346195
11.433918741956006
11.431031232471854
11.428145493284028
11.425261522669361
11.42237931890699
11.419498880278336
11.416620205067124
11.41374329155935
11.410868138043304
11.407994742809544
11.40512310415091
11.40225322036251
11.399385089741722
11.396518710588182
11.393654081203787
11.390791199892687
11.38793006496129
11.385070674718246
11.382213027474451
11.379357121543045
11.376502955239388
11.3736505268811
11.370799834788002
11.367950877282162
11.365103652687853
11.36225815933158
11.359414395542048
11.356572359650182
11.353732049989112
11.350893464894163
11.348056602702874
11.345221461754964
11.34238804039235
11.339556336959143
11.336726349801625
11.333898077268277
11.331071517709734
11.328246669478824
11.325423530930536
11.32260210042203
11.319782376312618
11.316964356963785
11.31414804073916
11.311333426004532
11.308520511127833
11.305709294479138
11.302899774430669
11.300091949356784
11.297285817633963
11.294481377640839
11.29167862775815
11.28887756636877
11.286078191857687
11.283280502612008
11.280484497020948
11.277690173475841
11.274897530370115
11.272106566099303
11.269317279061045
11.266529667655066
11.263743730283183
11.260959465349309
11.258176871259439
11.25539594642164
11.25261668924607
11.249839098144951
11.247063171532584
11.244288907825332
11.241516305441623
11.238745362801946
11.235976078328852
11.233208450446934
11.230442477582848
11.227678158165288
11.224915490625
11.222154473394761
11.219395104909392
11.21663738360574
11.213881307922698
11.211126876301163
11.208374087184072
11.205622939016381
11.202873430245054
11.200125559319078
11.197379324689443
11.194634724809152
11.191891758133206
11.189150423118608
11.186410718224362
11.183672641911459
11.180936192642887
11.178201368883618
11.175468169100606
11.172736591762785
11.170006635341075
11.16727829830836
11.164551579139502
11.161826476311324
11.159102988302621
11.156381113594144
11.1536608506686
11.15094219801066
11.14822515410694
11.145509717446
11.142795886518357
11.140083659816462
11.137373035834703
11.13466401306941
11.131956590018843
11.129250765183192
11.126546537064572
11.12384390416702
11.1211428649965
11.11844341806088
11.115745561869952
11.11304929493542
11.110354615770888
11.107661522891867
11.104970014815773
11.102280090061917
11.099591747151502
11.09690498460763
11.094219800955287
11.091536194721346
11.088854164434569
11.086173708625584
11.083494825826907
11.080817514572926
11.078141773399897
11.075467600845945
11.07279499545106
11.07012395575709
11.067454480307752
11.064786567648603
11.062120216327065
11.059455424892407
11.056792191895736
11.054130515890016
11.05147039543004
11.04881182907245
11.046154815375715
11.043499352900131
11.040845440207836
11.038193075862779
11.035542258430748
11.032892986479338
11.030245258577965
11.027599073297862
11.024954429212068
11.022311324895433
11.019669758924612
11.017029729878066
11.01439123633605
11.011754276880616
11.009118850095614
11.00648495456668
11.00385258888124
11.00122175162851
10.998592441399477
10.99596465678692
10.993338396385386
10.990713658791197
10.988090442602449
10.985468746419002
10.982848568842483
10.980229908476286
10.977612763925555
10.974997133797201
10.97238301669988
10.969770411244
10.967159316041725
10.964549729706958
10.961941650855344
10.959335078104276
10.956730010072874
10.954126445382
10.95152438265424
10.948923820513915
10.946324757587073
10.943727192501479
10.94113112388662
10.938536550373714
10.935943470595673
10.933351883187134
10.930761786784442
10.928173180025652
10.925586061550515
10.923000430000492
10.920416284018733
10.917833622250097
10.915252443341124
10.912672745940055
10.910094528696812
10.907517790263002
10.904942529291922
10.902368744438546
10.89979643435952
10.897225597713167
10.894656233159493
10.892088339360154
10.889521914978488
10.886956958679491
10.884393469129824
10.881831444997804
10.879270884953405
10.876711787668253
10.874154151815628
10.871597976070456
10.869043259109311
10.866489999610414
10.863938196253615
10.861387847720412
10.858838952693933
10.856291509858949
10.853745517901846
10.851200975510649
10.848657881375006
10.846116234186184
10.843576032637076
10.841037275422186
10.838499961237636
10.835964088781168
10.833429656752118
10.830896663851442
10.828365108781696
10.825834990247042
10.823306306953238
10.820779057607641
10.8182532409192
10.815728855598463
